-0.001713
0.001033
0.000554
0.026238
-0.104094
0.021890
0.334625
-0.380888
-0.252811
0.747189
-0.227854
-0.719493
0.668828
0.422627
-0.888805
-0.055796
0.915574
-0.277578
-0.808275
0.534702
0.618692
-0.700565
-0.391400
0.775511
0.161139
-0.770328
0.044494
0.703393
-0.208650
-0.596133
0.323543
0.470104
-0.390479
-0.342634
0.416230
0.226366
-0.410809
-0.127915
0.384295
0.049927
-0.345744
0.008513
0.301914
-0.049666
-0.257712
0.076835
0.215976
-0.093053
-0.178424
0.101258
0.145570
-0.103686
-0.117571
0.102256
0.094008
-0.098268
-0.074513
0.092800
0.058455
-0.086496
-0.045402
0.079909
0.034784
-0.073305
-0.026254
0.066948
0.019372
-0.060908
-0.013897
0.055303
0.009507
-0.050114
-0.006051
0.045389
0.003298
-0.041071
-0.001161
0.037181
-0.000526
-0.033648
0.001808
0.030483
-0.002806
-0.027617
0.003537
0.025056
-0.004092
-0.022738
0.004471
0.020670
-0.004743
-0.018795
0.004900
0.017123
-0.004994
-0.015604
0.005011
0.014250
-0.004995
-0.013016
0.004929
0.011914
-0.004847
-0.010908
0.004732
0.010009
-0.004613
-0.009185
0.004472
0.008448
-0.004335
-0.007769
0.004182
0.007163
-0.004038
-0.006602
0.003883
0.006101
-0.003740
-0.005635
0.003589
0.005219
-0.003450
-0.004830
0.003306
0.004483
-0.003174
-0.004157
0.003039
0.003866
-0.002916
-0.003592
0.002790
0.003347
-0.002676
-0.003115
0.002560
0.002909
-0.002455
-0.002712
0.002348
0.002536
-0.002252
-0.002368
0.002154
0.002219
-0.002067
-0.002075
0.001978
0.001948
-0.001898
-0.001825
0.001816
0.001716
-0.001744
-0.001609
0.001670
0.001515
-0.001604
-0.001423
0.001536
0.001342
-0.001476
-0.001262
0.001414
0.001192
-0.001360
-0.001122
0.001304
0.001061
-0.001255
-0.001000
0.001203
0.000948
-0.001159
-0.000894
0.001112
0.000848
-0.001071
-0.000801
0.001028
0.000761
-0.000991
-0.000719
0.000952
0.000684
-0.000918
-0.000647
0.000882
0.000616
-0.000851
-0.000583
0.000818
0.000556
-0.000791
-0.000527
0.000760
0.000503
-0.000735
-0.000477
0.000707
0.000456
-0.000684
-0.000433
0.000658
0.000414
-0.000637
-0.000393
0.000613
0.000377
-0.000594
-0.000358
0.000572
0.000343
-0.000554
-0.000326
0.000534
0.000313
-0.000518
-0.000298
0.000499
0.000286
-0.000484
-0.000273
0.000467
0.000262
-0.000453
-0.000250
0.000438
0.000240
-0.000425
-0.000229
0.000410
0.000221
-0.000399
-0.000210
0.000385
0.000203
-0.000374
-0.000194
0.000361
0.000187
-0.000352
-0.000178
0.000340
0.000172
-0.000331
-0.000165
0.000320
0.000159
-0.000311
-0.000152
0.000301
0.000147
-0.000293
-0.000141
0.000284
0.000136
-0.000276
-0.000130
0.000267
0.000126
-0.000261
-0.000121
0.000252
0.000117
-0.000246
-0.000112
0.000238
0.000109
-0.000233
-0.000104
0.000225
0.000101
-0.000220
-0.000097
0.000213
0.000094
-0.000208
-0.000090
0.000202
0.000088
-0.000197
-0.000084
0.000191
0.000082
-0.000187
-0.000078
0.000181
0.000076
-0.000177
-0.000073
0.000172
0.000071
-0.000168
-0.000068
0.000163
0.000067
-0.000160
-0.000064
0.000155
0.000062
-0.000152
-0.000060
0.000147
0.000058
-0.000144
-0.000056
0.000140
0.000055
-0.000137
-0.000052
0.000133
0.000051
-0.000131
-0.000049
0.000127
0.000048
-0.000124
-0.000046
0.000121
0.000045
-0.000119
-0.000043
0.000115
0.000043
-0.000113
-0.000041
0.000110
0.000040
-0.000108
-0.000038
0.000105
0.000038
-0.000103
-0.000036
0.000100
0.000036
-0.000098
-0.000034
0.000095
0.000034
-0.000094
-0.000032
0.000091
0.000032
-0.000090
-0.000030
0.000087
0.000030
-0.000086
-0.000029
0.000083
0.000028
-0.000082
-0.000027
0.000080
0.000027
-0.000079
-0.000026
0.000076
0.000025
-0.000075
-0.000024
0.000073
0.000024
-0.000072
-0.000023
0.000070
0.000023
-0.000069
-0.000022
0.000067
0.000022
-0.000066
-0.000021
0.000065
0.000020
-0.000064
-0.000019
0.000062
0.000019
-0.000061
-0.000018
0.000059
0.000018
-0.000059
-0.000018
0.000057
0.000017
-0.000056
-0.000017
0.000055
0.000017
-0.000054
-0.000016
0.000053
0.000016
-0.000052
-0.000015
0.000051
0.000015
-0.000050
-0.000014
0.000049
0.000014
-0.000048
-0.000014
0.000047
0.000014
-0.000046
-0.000013
0.000045
0.000013
-0.000045
-0.000012
0.000043
0.000012
-0.000043
-0.000012
0.000042
0.000012
-0.000041
-0.000011
0.000040
0.000011
-0.000040
-0.000011
0.000039
0.000011
-0.000038
-0.000010
0.000037
0.000010
-0.000037
-0.000010
0.000036
0.000010
-0.000036
-0.000009
0.000035
0.000009
-0.000035
-0.000009
0.000034
0.000009
-0.000033
-0.000008
0.000032
0.000009
-0.000032
-0.000008
0.000031
0.000008
-0.000031
-0.000008
0.000030
0.000008
-0.000030
-0.000007
0.000029
0.000008
-0.000029
-0.000007
0.000028
0.000007
-0.000028
-0.000007
0.000027
0.000007
-0.000027
-0.000007
0.000026
0.000007
-0.000026
-0.000006
0.000026
0.000006
-0.000025
-0.000006
0.000025
0.000006
-0.000025
-0.000006
0.000024
0.000006
-0.000024
-0.000005
0.000023
0.000006
-0.000023
-0.000005
0.000022
0.000005
-0.000022
-0.000005
0.000022
0.000005
-0.000022
-0.000005
0.000021
0.000005
-0.000021
-0.000005
0.000020
0.000005
-0.000020
-0.000004
0.000020
0.000005
-0.000020
-0.000004
0.000019
0.000004
-0.000019
-0.000004
0.000019
0.000004
-0.000019
-0.000004
0.000018
0.000004
-0.000018
-0.000004
0.000017
0.000004
-0.000017
-0.000004
0.000017
0.000004
-0.000017
-0.000004
0.000016
0.000004
-0.000016
-0.000003
0.000016
0.000004
-0.000016
-0.000003
0.000015
0.000003
-0.000016
-0.000003
0.000015
0.000003
-0.000015
-0.000003
0.000015
0.000003
-0.000015
-0.000003
0.000014
0.000003
-0.000014
-0.000003
0.000014
0.000003
-0.000014
-0.000003
0.000013
0.000003
-0.000013
-0.000003
0.000013
0.000003
-0.000013
-0.000003
0.000013
0.000003
-0.000013
-0.000002
0.000012
0.000003
-0.000012
-0.000002
0.000012
0.000002
-0.000012
-0.000002
0.000012
0.000002
-0.000012
-0.000002
0.000011
0.000002
-0.000011
-0.000002
0.000011
0.000002
-0.000011
-0.000002
0.000011
0.000002
-0.000011
-0.000002
0.000010
0.000002
-0.000011
-0.000002
0.000010
0.000002
-0.000010
-0.000002
0.000010
0.000002
-0.000010
-0.000002
0.000010
0.000002
-0.000010
-0.000002
0.000009
0.000002
-0.000009
-0.000002
0.000009
0.000002
-0.000009
-0.000002
0.000009
0.000002
-0.000009
-0.000002
0.000009
0.000002
-0.000009
-0.000002
0.000009
0.000002
-0.000009
-0.000001
0.000008
0.000002
-0.000008
-0.000001
0.000008
0.000002
-0.000008
-0.000001
0.000008
0.000001
-0.000008
-0.000001
0.000008
0.000001
-0.000008
-0.000001
0.000008
0.000001
-0.000008
-0.000001
0.000007
0.000001
-0.000007
-0.000001
0.000007
0.000001
-0.000007
-0.000001
0.000007
0.000001
-0.000007
-0.000001
0.000007
0.000001
-0.000007
-0.000001
0.000007
0.000001
-0.000007
-0.000001
0.000006
0.000001
-0.000007
-0.000001
0.000006
0.000001
-0.000006
-0.000001
0.000006
0.000001
-0.000006
-0.000001
0.000006
0.000001
-0.000006
-0.000001
0.000006
0.000001
-0.000006
-0.000001
0.000006
0.000001
-0.000006
-0.000001
0.000006
0.000001
-0.000006
-0.000001
0.000006
0.000001
-0.000006
-0.000001
0.000005
0.000001
-0.000005
-0.000001
0.000005
0.000001
-0.000005
-0.000001
0.000005
0.000001
-0.000005
-0.000001
0.000005
0.000001
-0.000005
-0.000001
0.000005
0.000001
-0.000005
-0.000001
0.000005
0.000001
-0.000005
-0.000001
0.000005
0.000001
-0.000005
-0.000001
0.000005
0.000001
-0.000005
-0.000001
0.000005
0.000001
-0.000005
-0.000001
0.000004
0.000001
-0.000004
-0.000001
0.000004
0.000001
-0.000004
-0.000001
0.000004
0.000001
-0.000004
-0.000001
0.000004
0.000001
-0.000004
-0.000001
0.000004
0.000001
-0.000004
-0.000001
0.000004
0.000001
-0.000004
-0.000001
0.000004
0.000001
-0.000004
-0.000001
0.000004
0.000001
-0.000004
-0.000001
0.000004
0.000001
-0.000004
-0.000000
0.000004
0.000001
-0.000004
-0.000000
0.000004
0.000001
-0.000004
-0.000000
0.000004
0.000001
-0.000004
-0.000000
0.000003
0.000001
-0.000004
-0.000000
0.000003
0.000001
-0.000003
-0.000000
0.000003
0.000001
-0.000003
-0.000000
0.000003
0.000000
-0.000003
-0.000000
0.000003
0.000000
-0.000003
-0.000000
0.000003
0.000000
-0.000003
-0.000000
0.000003
0.000000
-0.000003
-0.000000
0.000003
0.000000
-0.000003
-0.000000
0.000003
0.000000
-0.000003
-0.000000
0.000003
0.000000
-0.000003
-0.000000
0.000003
0.000000
-0.000003
-0.000000
0.000003
0.000000
-0.000003
-0.000000
0.000003
0.000000
-0.000003
-0.000000
0.000003
0.000000
-0.000003
-0.000000
0.000003
0.000000
-0.000003
-0.000000
0.000003
0.000000
-0.000003
-0.000000
0.000003
0.000000
-0.000003
-0.000000
0.000002
0.000000
-0.000003
-0.000000
0.000002
0.000000
-0.000002
-0.000000
0.000002
0.000000
-0.000002
-0.000000
0.000002
0.000000
-0.000002
-0.000000
0.000002
0.000000
-0.000002
-0.000000
0.000002
0.000000
-0.000002
-0.000000
0.000002
0.000000
-0.000002
-0.000000
0.000002
0.000000
-0.000002
-0.000000
0.000002
0.000000
-0.000002
-0.000000
0.000002
0.000000
-0.000002
-0.000000
0.000002
0.000000
-0.000002
-0.000000
0.000002
0.000000
-0.000002
-0.000000
0.000002
0.000000
-0.000002
-0.000000
0.000002
0.000000
-0.000002
-0.000000
0.000002
0.000000
-0.000002
-0.000000
0.000002
0.000000
-0.000002
-0.000000
0.000002
0.000000
-0.000002
-0.000000
0.000002
0.000000
-0.000002
-0.000000
0.000002
0.000000
-0.000002
-0.000000
0.000002
0.000000
-0.000002
-0.000000
0.000002
0.000000
-0.000002
-0.000000
0.000002
0.000000
-0.000002
-0.000000
0.000002
0.000000
-0.000002
-0.000000
0.000002
0.000000
-0.000002
-0.000000
0.000002
0.000000
-0.000002
-0.000000
0.000002
0.000000
-0.000002
-0.000000
0.000002
0.000000
-0.000002
-0.000000
0.000002
0.000000
-0.000002
-0.000000
0.000002
0.000000
-0.000002
-0.000000
0.000001
0.000000
-0.000002
-0.000000
0.000001
0.000000
-0.000001
-0.000000
0.000001
0.000000
-0.000001
-0.000000
0.000001
0.000000
-0.000001
-0.000000
0.000001
0.000000
-0.000001
-0.000000
0.000001
0.000000
-0.000001
-0.000000
0.000001
0.000000
-0.000001
-0.000000
0.000001
0.000000
-0.000001
-0.000000
0.000001
0.000000
-0.000001
-0.000000
0.000001
0.000000
-0.000001
-0.000000
0.000001
0.000000
-0.000001
-0.000000
0.000001
0.000000
-0.000001
-0.000000
0.000001
0.000000
-0.000001
-0.000000
0.000001
0.000000
-0.000001
-0.000000
0.000001
0.000000
-0.000001
-0.000000
0.000001
0.000000
-0.000001
-0.000000
0.000001
0.000000
-0.000001
-0.000000
0.000001
0.000000
-0.000001
-0.000000
0.000001
0.000000
-0.000001
-0.000000
0.000001
0.000000
-0.000001
-0.000000
0.000001
0.000000
-0.000001
-0.000000
0.000001
0.000000
-0.000001
-0.000000
0.000001
0.000000
-0.000001
-0.000000
0.000001
0.000000
-0.000001
-0.000000
0.000001
0.000000
-0.000001
-0.000000
0.000001
0.000000
-0.000001
-0.000000
0.000001
0.000000
-0.000001
-0.000000
0.000001
0.000000
-0.000001
-0.000000
0.000001
0.000000
-0.000001
-0.000000
0.000001
0.000000
-0.000001
-0.000000
0.000001
0.000000
-0.000001
-0.000000
0.000001
0.000000
-0.000001
-0.000000
0.000001
0.000000
-0.000001
-0.000000
0.000001
0.000000
-0.000001
-0.000000
0.000001
0.000000
-0.000001
-0.000000
0.000001
0.000000
-0.000001
-0.000000
0.000001
0.000000
-0.000001
-0.000000
0.000001
0.000000
-0.000001
-0.000000
0.000001
0.000000
-0.000001
-0.000000
0.000001
0.000000
-0.000001
-0.000000
0.000001
0.000000
-0.000001
-0.000000
0.000001
0.000000
-0.000001
-0.000000
0.000001
0.000000
-0.000001
-0.000000
0.000001
0.000000
-0.000001
-0.000000
0.000001
0.000000
-0.000001
-0.000000
0.000001
0.000000
-0.000001
-0.000000
0.000001
0.000000
-0.000001
-0.000000
0.000001
0.000000
-0.000001
-0.000000
0.000001
0.000000
-0.000001
-0.000000
0.000001
0.000000
-0.000001
-0.000000
0.000001
0.000000
-0.000001
-0.000000
0.000001
0.000000
-0.000001
-0.000000
0.000001
0.000000
-0.000001
-0.000000
0.000001
0.000000
-0.000001
-0.000000
0.000001
0.000000
-0.000001
-0.000000
0.000001
0.000000
-0.000001
-0.000000
0.000001
0.000000
-0.000001
-0.000000
0.000001
0.000000
-0.000001
-0.000000
0.000001
0.000000
-0.000001
-0.000000
0.000001
0.000000
-0.000001
-0.000000
0.000001
0.000000
-0.000001
-0.000000
0.000001
0.000000
-0.000001
-0.000000
0.000001
0.000000
-0.000001
-0.000000
0.000001
0.000000
-0.000001
-0.000000
0.000001
0.000000
-0.000001
-0.000000
0.000001
0.000000
-0.000001
-0.000000
0.000001
0.000000
-0.000001
-0.000000
0.000001
0.000000
-0.000001
-0.000000
0.000001
0.000000
-0.000001
-0.000000
0.000001
0.000000
-0.000001
-0.000000
0.000001
0.000000
-0.000001
-0.000000
0.000001
0.000000
-0.000001
-0.000000
0.000001
0.000000
-0.000001
-0.000000
0.000001
0.000000
-0.000001
-0.000000
0.000001
0.000000
-0.000001
-0.000000
0.000001
0.000000
-0.000001
-0.000000
0.000000
0.000000
-0.000001
-0.000000
0.000000
0.000000
-0.000001
-0.000000
0.000000
0.000000
-0.000001
-0.000000
0.000000
0.000000
-0.000001
-0.000000
0.000000
0.000000
-0.000001
-0.000000
0.000000
0.000000
-0.000000
-0.000000
0.000000
0.000000
-0.000000
-0.000000
0.000000
0.000000
-0.000000
-0.000000
0.000000
0.000000
-0.000000
-0.000000
0.000000
0.000000
-0.000000
-0.000000
0.000000
0.000000
-0.000000
-0.000000
0.000000
0.000000
-0.000000
-0.000000
0.000000
0.000000
-0.000000
-0.000000
0.000000
0.000000
-0.000000
-0.000000
0.000000
0.000000
-0.000000
-0.000000
0.000000
0.000000
-0.000000
-0.000000
0.000000
0.000000
-0.000000
-0.000000
0.000000
0.000000
-0.000000
-0.000000
0.000000
0.000000
-0.000000
-0.000000
0.000000
0.000000
-0.000000
-0.000000
0.000000
0.000000
-0.000000
-0.000000
0.000000
0.000000
-0.000000
-0.000000
0.000000
0.000000
-0.000000
-0.000000
0.000000
0.000000
-0.000000
-0.000000
0.000000
0.000000
-0.000000
-0.000000
0.000000
0.000000
-0.000000
-0.000000
0.000000
0.000000
-0.000000
-0.000000
0.000000
0.000000
-0.000000
-0.000000
0.000000
0.000000
-0.000000
-0.000000
0.000000
0.000000
-0.000000
-0.000000
0.000000
0.000000
-0.000000
-0.000000
0.000000
0.000000
-0.000000
-0.000000
0.000000
0.000000
-0.000000
-0.000000
0.000000
0.000000
-0.000000
-0.000000
0.000000
0.000000
-0.000000
-0.000000
0.000000
0.000000
-0.000000
-0.000000
0.000000
0.000000
-0.000000
-0.000000
0.000000
0.000000
-0.000000
-0.000000
0.000000
0.000000
-0.000000
-0.000000
0.000000
0.000000
-0.000000
-0.000000
0.000000
0.000000
-0.000000
-0.000000
0.000000
0.000000
-0.000000
-0.000000
0.000000
0.000000
-0.000000
-0.000000
0.000000
0.000000
-0.000000
-0.000000
0.000000
0.000000
-0.000000
-0.000000
0.000000
0.000000
-0.000000
-0.000000
0.000000
0.000000
-0.000000
-0.000000
0.000000
0.000000
-0.000000
-0.000000
0.000000
0.000000
-0.000000
-0.000000
0.000000
0.000000
-0.000000
-0.000000
0.000000
0.000000
-0.000000
-0.000000
0.000000
0.000000
-0.000000
-0.000000
0.000000
0.000000
-0.000000
-0.000000
0.000000
0.000000
-0.000000
-0.000000
0.000000
0.000000
-0.000000
-0.000000
0.000000
0.000000
-0.000000
-0.000000
0.000000
0.000000
-0.000000
-0.000000
0.000000
0.000000
-0.000000
-0.000000
0.000000
0.000000
-0.000000
-0.000000
0.000000
0.000000
-0.000000
-0.000000
0.000000
0.000000
-0.000000
-0.000000
0.000000
0.000000
-0.000000
-0.000000
0.000000
0.000000
-0.000000
-0.000000
0.000000
0.000000
-0.000000
-0.000000
0.000000
0.000000
-0.000000
-0.000000
0.000000
0.000000
-0.000000
-0.000000
0.000000
0.000000
-0.000000
-0.000000
0.000000
0.000000
-0.000000
-0.000000
0.000000
0.000000
-0.000000
-0.000000
0.000000
0.000000
-0.000000
-0.000000
0.000000
0.000000
-0.000000
-0.000000
0.000000
0.000000
-0.000000
-0.000000
0.000000
0.000000
-0.000000
-0.000000
0.000000
0.000000
-0.000000
-0.000000
0.000000
0.000000
-0.000000
-0.000000
0.000000
0.000000
-0.000000
-0.000000
0.000000
0.000000
-0.000000
-0.000000
0.000000
0.000000
-0.000000
-0.000000
0.000000
0.000000
-0.000000
-0.000000
0.000000
0.000000
-0.000000
-0.000000
0.000000
0.000000
-0.000000
-0.000000
0.000000
0.000000
-0.000000
-0.000000
0.000000
0.000000
-0.000000
-0.000000
0.000000
0.000000
-0.000000
-0.000000
0.000000
0.000000
-0.000000
-0.000000
0.000000
0.000000
-0.000000
-0.000000
0.000000
0.000000
-0.000000
-0.000000
0.000000
0.000000
-0.000000
-0.000000
0.000000
0.000000
-0.000000
-0.000000
0.000000
0.000000
-0.000000
-0.000000
0.000000
0.000000
-0.000000
-0.000000
0.000000
0.000000
-0.000000
-0.000000
0.000000
0.000000
-0.000000
-0.000000
0.000000
0.000000
-0.000000
-0.000000
0.000000
0.000000
-0.000000
-0.000000
0.000000
0.000000
-0.000000
-0.000000
0.000000
0.000000
-0.000000
-0.000000
0.000000
0.000000
-0.000000
-0.000000
0.000000
0.000000
-0.000000
-0.000000
0.000000
0.000000
-0.000000
-0.000000
0.000000
0.000000
-0.000000
-0.000000
0.000000
0.000000
-0.000000
-0.000000
0.000000
0.000000
-0.000000
0.000000
0.000000
0.000000
-0.000000
-0.000000
0.000000
0.000000
-0.000000
-0.000000
0.000000
0.000000
-0.000000
-0.000000
0.000000
0.000000
-0.000000
-0.000000
0.000000
0.000000
-0.000000
-0.000000
0.000000
0.000000
-0.000000
-0.000000
0.000000
0.000000
-0.000000
-0.000000
0.000000
0.000000
-0.000000
-0.000000
0.000000
0.000000
-0.000000
-0.000000
0.000000
0.000000
-0.000000
-0.000000
0.000000
0.000000
-0.000000
-0.000000
0.000000
0.000000
-0.000000
-0.000000
0.000000
0.000000
-0.000000
0.000000
0.000000
0.000000
-0.000000
-0.000000
0.000000
0.000000
-0.000000
-0.000000
0.000000
0.000000
-0.000000
-0.000000
0.000000
0.000000
-0.000000
-0.000000
0.000000
0.000000
-0.000000
-0.000000
0.000000
-0.000000
-0.000000
-0.000000
0.000000
-0.000000
-0.000000
-0.000000
0.000000
0.000000
-0.000000
0.000000
0.000000
0.000000
-0.000000
0.000000
0.000000
-0.000000
-0.000000
0.000000
0.000000
0.000000
-0.000000
-0.000000
0.000000
0.000000
-0.000000
-0.000000
0.000000
0.000000
-0.000000
-0.000000
0.000000
0.000000
-0.000000
-0.000000
0.000000
0.000000
-0.000000
-0.000000
0.000000
0.000000
-0.000000
-0.000000
0.000000
0.000000
-0.000000
-0.000000
0.000000
0.000000
-0.000000
0.000000
0.000000
-0.000000
-0.000000
0.000000
0.000000
0.000000
-0.000000
-0.000000
0.000000
-0.000000
-0.000000
-0.000000
0.000000
0.000000
-0.000000
0.000000
0.000000
0.000000
-0.000000
-0.000000
0.000000
0.000000
-0.000000
-0.000000
0.000000
0.000000
-0.000000
-0.000000
0.000000
0.000000
-0.000000
-0.000000
0.000000
0.000000
-0.000000
-0.000000
0.000000
0.000000
-0.000000
-0.000000
0.000000
0.000000
-0.000000
-0.000000
0.000000
0.000000
-0.000000
-0.000000
0.000000
0.000000
-0.000000
-0.000000
0.000000
0.000000
-0.000000
-0.000000
0.000000
0.000000
-0.000000
-0.000000
0.000000
0.000000
-0.000000
-0.000000
0.000000
0.000000
-0.000000
-0.000000
0.000000
0.000000
-0.000000
-0.000000
0.000000
0.000000
-0.000000
0.000000
0.000000
0.000000
-0.000000
-0.000000
0.000000
0.000000
-0.000000
-0.000000
0.000000
0.000000
-0.000000
-0.000000
0.000000
0.000000
-0.000000
-0.000000
0.000000
0.000000
-0.000000
-0.000000
0.000000
0.000000
-0.000000
0.000000
0.000000
0.000000
-0.000000
0.000000
0.000000
0.000000
-0.000000
-0.000000
0.000000
0.000000
-0.000000
0.000000
0.000000
0.000000
-0.000000
-0.000000
0.000000
0.000000
-0.000000
0.000000
0.000000
0.000000
-0.000000
0.000000
0.000000
-0.000000
-0.000000
-0.000000
0.000000
0.000000
-0.000000
-0.000000
0.000000
0.000000
-0.000000
-0.000000
0.000000
0.000000
-0.000000
-0.000000
0.000000
0.000000
-0.000000
-0.000000
0.000000
0.000000
-0.000000
-0.000000
0.000000
0.000000
-0.000000
-0.000000
0.000000
0.000000
-0.000000
-0.000000
0.000000
0.000000
-0.000000
0.000000
0.000000
0.000000
-0.000000
-0.000000
0.000000
0.000000
-0.000000
-0.000000
0.000000
0.000000
-0.000000
-0.000000
0.000000
0.000000
-0.000000
-0.000000
0.000000
0.000000
-0.000000
-0.000000
0.000000
0.000000
-0.000000
-0.000000
0.000000
0.000000
-0.000000
-0.000000
0.000000
0.000000
-0.000000
0.000000
0.000000
-0.000000
-0.000000
0.000000
0.000000
0.000000
-0.000000
0.000000
0.000000
-0.000000
-0.000000
0.000000
0.000000
0.000000
-0.000000
0.000000
0.000000
0.000000
-0.000000
0.000000
0.000000
0.000000
-0.000000
0.000000
0.000000
0.000000
-0.000000
-0.000000
0.000000
0.000000
-0.000000
0.000000
0.000000
0.000000
-0.000000
-0.000000
0.000000
0.000000
-0.000000
-0.000000
0.000000
-0.000000
-0.000000
-0.000000
0.000000
0.000000
-0.000000
0.000000
0.000000
0.000000
-0.000000
0.000000
0.000000
0.000000
-0.000000
0.000000
0.000000
0.000000
-0.000000
-0.000000
0.000000
-0.000000
-0.000000
-0.000000
0.000000
0.000000
-0.000000
-0.000000
0.000000
0.000000
-0.000000
-0.000000
0.000000
0.000000
-0.000000
-0.000000
0.000000
0.000000
-0.000000
-0.000000
0.000000
0.000000
-0.000000
0.000000
0.000000
-0.000000
-0.000000
-0.000000
0.000000
0.000000
-0.000000
-0.000000
0.000000
0.000000
-0.000000
-0.000000
0.000000
0.000000
-0.000000
-0.000000
0.000000
0.000000
-0.000000
-0.000000
0.000000
-0.000000
-0.000000
-0.000000
0.000000
0.000000
-0.000000
-0.000000
0.000000
0.000000
-0.000000
-0.000000
0.000000
0.000000
-0.000000
-0.000000
0.000000
0.000000
-0.000000
0.000000
0.000000
-0.000000
-0.000000
0.000000
0.000000
0.000000
-0.000000
0.000000
0.000000
-0.000000
-0.000000
-0.000000
0.000000
0.000000
-0.000000
-0.000000
0.000000
0.000000
-0.000000
-0.000000
0.000000
0.000000
-0.000000
-0.000000
0.000000
-0.000000
-0.000000
-0.000000
0.000000
0.000000
-0.000000
0.000000
0.000000
-0.000000
-0.000000
0.000000
0.000000
-0.000000
-0.000000
-0.000000
0.000000
0.000000
-0.000000
0.000000
0.000000
0.000000
-0.000000
-0.000000
0.000000
0.000000
-0.000000
-0.000000
0.000000
0.000000
-0.000000
-0.000000
0.000000
-0.000000
-0.000000
-0.000000
0.000000
0.000000
-0.000000
-0.000000
0.000000
0.000000
-0.000000
0.000000
0.000000
-0.000000
-0.000000
-0.000000
0.000000
-0.000000
-0.000000
0.000000
0.000000
0.000000
-0.000000
-0.000000
0.000000
0.000000
-0.000000
-0.000000
0.000000
0.000000
-0.000000
-0.000000
0.000000
0.000000
-0.000000
-0.000000
0.000000
-0.000000
-0.000000
-0.000000
0.000000
-0.000000
-0.000000
0.000000
0.000000
0.000000
-0.000000
0.000000
0.000000
-0.000000
-0.000000
-0.000000
0.000000
-0.000000
-0.000000
-0.000000
0.000000
-0.000000
-0.000000
-0.000000
0.000000
-0.000000
-0.000000
-0.000000
0.000000
0.000000
-0.000000
0.000000
0.000000
-0.000000
-0.000000
-0.000000
0.000000
0.000000
-0.000000
-0.000000
0.000000
0.000000
-0.000000
-0.000000
0.000000
-0.000000
-0.000000
0.000000
0.000000
-0.000000
-0.000000
-0.000000
0.000000
0.000000
-0.000000
-0.000000
0.000000
-0.000000
-0.000000
-0.000000
0.000000
-0.000000
-0.000000
-0.000000
0.000000
0.000000
-0.000000
-0.000000
0.000000
-0.000000
-0.000000
-0.000000
0.000000
0.000000
-0.000000
-0.000000
0.000000
0.000000
-0.000000
-0.000000
0.000000
0.000000
-0.000000
-0.000000
0.000000
0.000000
-0.000000
-0.000000
0.000000
0.000000
-0.000000
-0.000000
0.000000
0.000000
-0.000000
-0.000000
0.000000
0.000000
-0.000000
0.000000
0.000000
-0.000000
-0.000000
-0.000000
0.000000
0.000000
-0.000000
0.000000
0.000000
-0.000000
-0.000000
-0.000000
0.000000
0.000000
-0.000000
-0.000000
0.000000
0.000000
-0.000000
-0.000000
0.000000
0.000000
-0.000000
-0.000000
0.000000
-0.000000
-0.000000
0.000000
0.000000
-0.000000
-0.000000
0.000000
0.000000
-0.000000
-0.000000
-0.000000
0.000000
0.000000
-0.000000
-0.000000
0.000000
-0.000000
-0.000000
-0.000000
0.000000
-0.000000
-0.000000
-0.000000
0.000000
-0.000000
-0.000000
0.000000
0.000000
0.000000
-0.000000
-0.000000
0.000000
0.000000
-0.000000
0.000000
0.000000
0.000000
-0.000000
0.000000
0.000000
-0.000000
-0.000000
-0.000000
0.000000
-0.000000
-0.000000
-0.000000
0.000000
0.000000
-0.000000
-0.000000
0.000000
0.000000
-0.000000
-0.000000
0.000000
0.000000
-0.000000
-0.000000
0.000000
-0.000000
-0.000000
-0.000000
0.000000
-0.000000
-0.000000
-0.000000
0.000000
-0.000000
-0.000000
-0.000000
0.000000
0.000000
-0.000000
-0.000000
0.000000
-0.000000
-0.000000
0.000000
0.000000
0.000000
-0.000000
-0.000000
0.000000
-0.000000
-0.000000
-0.000000
0.000000
0.000000
-0.000000
-0.000000
0.000000
-0.000000
-0.000000
0.000000
0.000000
0.000000
-0.000000
-0.000000
0.000000
-0.000000
-0.000000
0.000000
0.000000
-0.000000
-0.000000
-0.000000
0.000000
0.000000
-0.000000
-0.000000
0.000000
-0.000000
-0.000000
-0.000000
0.000000
0.000000
-0.000000
-0.000000
0.000000
-0.000000
-0.000000
-0.000000
0.000000
-0.000000
-0.000000
-0.000000
0.000000
-0.000000
-0.000000
-0.000000
0.000000
0.000000
-0.000000
0.000000
0.000000
-0.000000
-0.000000
-0.000000
0.000000
0.000000
-0.000000
-0.000000
0.000000
0.000000
-0.000000
-0.000000
0.000000
0.000000
-0.000000
-0.000000
0.000000
0.000000
-0.000000
-0.000000
0.000000
-0.000000
-0.000000
-0.000000
0.000000
-0.000000
-0.000000
-0.000000
0.000000
-0.000000
-0.000000
-0.000000
0.000000
-0.000000
-0.000000
0.000000
0.000000
-0.000000
-0.000000
-0.000000
0.000000
-0.000000
-0.000000
-0.000000
0.000000
-0.000000
-0.000000
-0.000000
0.000000
-0.000000
-0.000000
-0.000000
0.000000
0.000000
-0.000000
-0.000000
0.000000
0.000000
-0.000000
-0.000000
0.000000
-0.000000
-0.000000
-0.000000
0.000000
0.000000
-0.000000
-0.000000
0.000000
-0.000000
-0.000000
-0.000000
0.000000
0.000000
-0.000000
0.000000
0.000000
0.000000
-0.000000
-0.000000
0.000000
-0.000000
-0.000000
-0.000000
0.000000
-0.000000
-0.000000
-0.000000
0.000000
-0.000000
-0.000000
-0.000000
0.000000
0.000000
-0.000000
-0.000000
0.000000
-0.000000
-0.000000
0.000000
0.000000
-0.000000
-0.000000
-0.000000
0.000000
-0.000000
-0.000000
0.000000
0.000000
-0.000000
-0.000000
-0.000000
0.000000
-0.000000
-0.000000
-0.000000
0.000000
0.000000
-0.000000
0.000000
0.000000
-0.000000
-0.000000
0.000000
0.000000
0.000000
-0.000000
-0.000000
0.000000
-0.000000
-0.000000
0.000000
0.000000
-0.000000
-0.000000
-0.000000
0.000000
-0.000000
-0.000000
-0.000000
0.000000
-0.000000
-0.000000
-0.000000
0.000000
-0.000000
-0.000000
-0.000000
0.000000
-0.000000
-0.000000
-0.000000
0.000000
-0.000000
-0.000000
-0.000000
0.000000
0.000000
-0.000000
-0.000000
0.000000
0.000000
-0.000000
-0.000000
0.000000
0.000000
-0.000000
0.000000
0.000000
-0.000000
-0.000000
0.000000
0.000000
0.000000
-0.000000
-0.000000
0.000000
-0.000000
-0.000000
-0.000000
0.000000
-0.000000
-0.000000
-0.000000
0.000000
-0.000000
-0.000000
0.000000
0.000000
-0.000000
-0.000000
0.000000
0.000000
-0.000000
-0.000000
-0.000000
0.000000
-0.000000
-0.000000
-0.000000
0.000000
-0.000000
-0.000000
-0.000000
0.000000
-0.000000
-0.000000
-0.000000
0.000000
-0.000000
-0.000000
0.000000
0.000000
0.000000
-0.000000
-0.000000
0.000000
-0.000000
-0.000000
-0.000000
0.000000
-0.000000
-0.000000
0.000000
0.000000
-0.000000
-0.000000
-0.000000
0.000000
-0.000000
-0.000000
-0.000000
0.000000
-0.000000
-0.000000
-0.000000
0.000000
-0.000000
-0.000000
-0.000000
0.000000
-0.000000
-0.000000
0.000000
0.000000
-0.000000
-0.000000
-0.000000
0.000000
-0.000000
-0.000000
-0.000000
0.000000
-0.000000
-0.000000
-0.000000
0.000000
-0.000000
-0.000000
-0.000000
0.000000
-0.000000
-0.000000
-0.000000
0.000000
-0.000000
-0.000000
-0.000000
0.000000
-0.000000
-0.000000
-0.000000
0.000000
-0.000000
-0.000000
-0.000000
0.000000
-0.000000
-0.000000
-0.000000
0.000000
-0.000000
-0.000000
-0.000000
0.000000
-0.000000
-0.000000
-0.000000
0.000000
-0.000000
-0.000000
-0.000000
0.000000
-0.000000
-0.000000
-0.000000
0.000000
-0.000000
-0.000000
0.000000
0.000000
-0.000000
-0.000000
-0.000000
0.000000
-0.000000
-0.000000
-0.000000
0.000000
0.000000
-0.000000
-0.000000
0.000000
-0.000000
-0.000000
-0.000000
0.000000
-0.000000
-0.000000
-0.000000
0.000000
-0.000000
-0.000000
0.000000
0.000000
0.000000
-0.000000
0.000000
0.000000
-0.000000
-0.000000
-0.000000
0.000000
0.000000
-0.000000
0.000000
0.000000
-0.000000
-0.000000
-0.000000
0.000000
-0.000000
-0.000000
-0.000000
0.000000
0.000000
-0.000000
-0.000000
0.000000
0.000000
-0.000000
-0.000000
0.000000
0.000000
-0.000000
-0.000000
0.000000
0.000000
-0.000000
-0.000000
0.000000
-0.000000
-0.000000
-0.000000
0.000000
0.000000
-0.000000
0.000000
0.000000
0.000000
-0.000000
-0.000000
0.000000
-0.000000
-0.000000
-0.000000
0.000000
-0.000000
-0.000000
-0.000000
0.000000
-0.000000
-0.000000
-0.000000
0.000000
0.000000
-0.000000
0.000000
0.000000
0.000000
-0.000000
-0.000000
0.000000
0.000000
-0.000000
-0.000000
0.000000
0.000000
-0.000000
-0.000000
0.000000
-0.000000
-0.000000
-0.000000
0.000000
-0.000000
-0.000000
-0.000000
0.000000
-0.000000
-0.000000
-0.000000
0.000000
-0.000000
-0.000000
-0.000000
0.000000
-0.000000
-0.000000
0.000000
0.000000
0.000000
-0.000000
-0.000000
0.000000
0.000000
-0.000000
0.000000
0.000000
-0.000000
-0.000000
-0.000000
0.000000
-0.000000
-0.000000
-0.000000
0.000000
-0.000000
-0.000000
0.000000
0.000000
-0.000000
-0.000000
-0.000000
0.000000
-0.000000
-0.000000
-0.000000
0.000000
-0.000000
-0.000000
-0.000000
0.000000
0.000000
-0.000000
-0.000000
0.000000
-0.000000
-0.000000
-0.000000
0.000000
-0.000000
-0.000000
-0.000000
0.000000
-0.000000
-0.000000
-0.000000
0.000000
-0.000000
-0.000000
-0.000000
0.000000
-0.000000
-0.000000
-0.000000
0.000000
-0.000000
-0.000000
-0.000000
0.000000
-0.000000
-0.000000
0.000000
0.000000
-0.000000
-0.000000
-0.000000
0.000000
-0.000000
-0.000000
-0.000000
0.000000
0.000000
-0.000000
-0.000000
0.000000
-0.000000
-0.000000
-0.000000
0.000000
0.000000
-0.000000
-0.000000
0.000000
0.000000
-0.000000
-0.000000
0.000000
-0.000000
-0.000000
-0.000000
0.000000
0.000000
-0.000000
-0.000000
0.000000
-0.000000
-0.000000
-0.000000
0.000000
-0.000000
-0.000000
-0.000000
0.000000
-0.000000
-0.000000
-0.000000
0.000000
-0.000000
-0.000000
-0.000000
0.000000
-0.000000
-0.000000
0.000000
0.000000
-0.000000
-0.000000
-0.000000
0.000000
-0.000000
-0.000000
0.000000
0.000000
0.000000
-0.000000
-0.000000
0.000000
-0.000000
-0.000000
0.000000
0.000000
-0.000000
-0.000000
0.000000
0.000000
-0.000000
-0.000000
-0.000000
0.000000
-0.000000
-0.000000
-0.000000
0.000000
-0.000000
-0.000000
-0.000000
0.000000
-0.000000
-0.000000
0.000000
0.000000
-0.000000
-0.000000
0.000000
0.000000
0.000000
-0.000000
-0.000000
0.000000
-0.000000
-0.000000
-0.000000
0.000000
-0.000000
-0.000000
-0.000000
0.000000
0.000000
-0.000000
-0.000000
0.000000
-0.000000
-0.000000
-0.000000
0.000000
-0.000000
-0.000000
-0.000000
0.000000
-0.000000
-0.000000
-0.000000
0.000000
-0.000000
-0.000000
-0.000000
0.000000
-0.000000
-0.000000
-0.000000
0.000000
0.000000
-0.000000
-0.000000
0.000000
-0.000000
-0.000000
-0.000000
0.000000
-0.000000
-0.000000
-0.000000
0.000000
-0.000000
0.000000
-0.000000
0.000000
-0.000000
0.000000
-0.000000
0.000000
-0.000000
-0.000000
-0.000000
0.000000
0.000000
-0.000000
-0.000000
0.000000
-0.000000
-0.000000
-0.000000
0.000000
-0.000000
-0.000000
-0.000000
0.000000
-0.000000
-0.000000
-0.000000
0.000000
-0.000000
-0.000000
-0.000000
0.000000
-0.000000
-0.000000
-0.000000
0.000000
-0.000000
-0.000000
-0.000000
0.000000
-0.000000
-0.000000
-0.000000
0.000000
-0.000000
-0.000000
-0.000000
0.000000
-0.000000
-0.000000
-0.000000
0.000000
-0.000000
-0.000000
-0.000000
0.000000
0.000000
-0.000000
-0.000000
0.000000
-0.000000
-0.000000
-0.000000
0.000000
0.000000
-0.000000
-0.000000
0.000000
-0.000000
-0.000000
-0.000000
0.000000
-0.000000
-0.000000
0.000000
0.000000
-0.000000
-0.000000
-0.000000
0.000000
-0.000000
-0.000000
0.000000
0.000000
-0.000000
-0.000000
-0.000000
0.000000
-0.000000
-0.000000
-0.000000
0.000000
-0.000000
-0.000000
-0.000000
0.000000
-0.000000
-0.000000
-0.000000
0.000000
-0.000000
-0.000000
-0.000000
0.000000
-0.000000
-0.000000
-0.000000
0.000000
-0.000000
-0.000000
-0.000000
0.000000
-0.000000
-0.000000
-0.000000
0.000000
-0.000000
-0.000000
-0.000000
0.000000
-0.000000
-0.000000
-0.000000
0.000000
-0.000000
-0.000000
-0.000000
0.000000
-0.000000
-0.000000
0.000000
0.000000
-0.000000
-0.000000
-0.000000
0.000000
-0.000000
0.000000
-0.000000
0.000000
-0.000000
-0.000000
-0.000000
0.000000
-0.000000
-0.000000
-0.000000
0.000000
-0.000000
-0.000000
-0.000000
0.000000
-0.000000
-0.000000
-0.000000
0.000000
-0.000000
-0.000000
0.000000
0.000000
-0.000000
-0.000000
-0.000000
0.000000
-0.000000
-0.000000
-0.000000
0.000000
-0.000000
-0.000000
-0.000000
0.000000
-0.000000
-0.000000
0.000000
0.000000
-0.000000
-0.000000
-0.000000
0.000000
-0.000000
-0.000000
-0.000000
0.000000
0.000000
-0.000000
-0.000000
0.000000
-0.000000
-0.000000
-0.000000
0.000000
-0.000000
-0.000000
0.000000
0.000000
-0.000000
-0.000000
-0.000000
0.000000
-0.000000
-0.000000
0.000000
0.000000
0.000000
-0.000000
0.000000
0.000000
-0.000000
-0.000000
-0.000000
0.000000
-0.000000
-0.000000
-0.000000
0.000000
-0.000000
-0.000000
-0.000000
0.000000
-0.000000
-0.000000
-0.000000
0.000000
0.000000
-0.000000
-0.000000
0.000000
-0.000000
-0.000000
-0.000000
0.000000
0.000000
-0.000000
-0.000000
0.000000
-0.000000
0.000000
-0.000000
0.000000
-0.000000
-0.000000
0.000000
0.000000
-0.000000
-0.000000
0.000000
0.000000
-0.000000
-0.000000
-0.000000
0.000000
-0.000000
-0.000000
-0.000000
0.000000
-0.000000
-0.000000
-0.000000
0.000000
-0.000000
-0.000000
-0.000000
0.000000
0.000000
-0.000000
-0.000000
0.000000
-0.000000
-0.000000
-0.000000
0.000000
-0.000000
-0.000000
-0.000000
0.000000
-0.000000
-0.000000
-0.000000
0.000000
-0.000000
-0.000000
-0.000000
0.000000
-0.000000
-0.000000
0.000000
0.000000
-0.000000
-0.000000
-0.000000
0.000000
-0.000000
-0.000000
-0.000000
0.000000
-0.000000
-0.000000
-0.000000
0.000000
0.000000
-0.000000
0.000000
0.000000
-0.000000
-0.000000
-0.000000
0.000000
-0.000000
-0.000000
-0.000000
0.000000
-0.000000
-0.000000
-0.000000
0.000000
-0.000000
-0.000000
-0.000000
0.000000
-0.000000
-0.000000
-0.000000
0.000000
-0.000000
-0.000000
-0.000000
0.000000
-0.000000
-0.000000
-0.000000
0.000000
0.000000
0.000000
-0.000000
0.000000
-0.000000
-0.000000
-0.000000
0.000000
0.000000
-0.000000
-0.000000
0.000000
-0.000000
-0.000000
-0.000000
0.000000
-0.000000
-0.000000
-0.000000
0.000000
-0.000000
-0.000000
-0.000000
0.000000
-0.000000
-0.000000
-0.000000
0.000000
-0.000000
-0.000000
-0.000000
0.000000
-0.000000
-0.000000
-0.000000
0.000000
-0.000000
-0.000000
0.000000
0.000000
-0.000000
-0.000000
-0.000000
0.000000
-0.000000
-0.000000
-0.000000
0.000000
-0.000000
-0.000000
-0.000000
0.000000
-0.000000
-0.000000
-0.000000
0.000000
-0.000000
-0.000000
-0.000000
0.000000
-0.000000
-0.000000
-0.000000
0.000000
-0.000000
-0.000000
-0.000000
0.000000
-0.000000
-0.000000
-0.000000
0.000000
-0.000000
-0.000000
-0.000000
0.000000
-0.000000
-0.000000
-0.000000
0.000000
-0.000000
-0.000000
-0.000000
0.000000
-0.000000
-0.000000
-0.000000
0.000000
-0.000000
-0.000000
-0.000000
0.000000
-0.000000
-0.000000
-0.000000
0.000000
0.000000
-0.000000
-0.000000
0.000000
-0.000000
-0.000000
0.000000
0.000000
0.000000
-0.000000
-0.000000
0.000000
-0.000000
-0.000000
-0.000000
0.000000
0.000000
-0.000000
-0.000000
0.000000
-0.000000
-0.000000
-0.000000
0.000000
-0.000000
-0.000000
0.000000
0.000000
-0.000000
-0.000000
-0.000000
0.000000
0.000000
-0.000000
-0.000000
0.000000
0.000000
-0.000000
0.000000
0.000000
0.000000
-0.000000
0.000000
0.000000
-0.000000
-0.000000
-0.000000
0.000000
-0.000000
-0.000000
-0.000000
0.000000
-0.000000
-0.000000
-0.000000
0.000000
-0.000000
-0.000000
-0.000000
0.000000
-0.000000
-0.000000
0.000000
0.000000
-0.000000
-0.000000
-0.000000
0.000000
0.000000
0.000000
0.000000
0.000000
-0.000000
-0.000000
-0.000000
0.000000
0.000000
-0.000000
0.000000
0.000000
-0.000000
-0.000000
-0.000000
0.000000
-0.000000
-0.000000
-0.000000
0.000000
-0.000000
-0.000000
-0.000000
0.000000
-0.000000
0.000000
-0.000000
0.000000
-0.000000
-0.000000
-0.000000
0.000000
-0.000000
-0.000000
-0.000000
0.000000
-0.000000
-0.000000
-0.000000
0.000000
-0.000000
-0.000000
-0.000000
0.000000
-0.000000
-0.000000
-0.000000
0.000000
-0.000000
-0.000000
-0.000000
0.000000
-0.000000
-0.000000
-0.000000
0.000000
-0.000000
0.000000
-0.000000
0.000000
-0.000000
-0.000000
-0.000000
0.000000
-0.000000
0.000000
-0.000000
0.000000
-0.000000
-0.000000
-0.000000
0.000000
-0.000000
-0.000000
0.000000
0.000000
-0.000000
-0.000000
0.000000
0.000000
-0.000000
-0.000000
-0.000000
0.000000
-0.000000
-0.000000
-0.000000
0.000000
-0.000000
-0.000000
-0.000000
0.000000
-0.000000
-0.000000
0.000000
0.000000
-0.000000
-0.000000
-0.000000
0.000000
-0.000000
-0.000000
-0.000000
0.000000
-0.000000
-0.000000
-0.000000
0.000000
-0.000000
-0.000000
-0.000000
0.000000
-0.000000
-0.000000
-0.000000
0.000000
0.000000
0.000000
-0.000000
0.000000
-0.000000
-0.000000
-0.000000
0.000000
-0.000000
-0.000000
-0.000000
0.000000
0.000000
-0.000000
-0.000000
0.000000
-0.000000
-0.000000
-0.000000
0.000000
-0.000000
-0.000000
-0.000000
0.000000
-0.000000
-0.000000
-0.000000
0.000000
-0.000000
-0.000000
-0.000000
0.000000
0.000000
-0.000000
0.000000
0.000000
-0.000000
-0.000000
-0.000000
0.000000
-0.000000
-0.000000
-0.000000
0.000000
-0.000000
-0.000000
-0.000000
0.000000
-0.000000
-0.000000
-0.000000
0.000000
-0.000000
-0.000000
-0.000000
0.000000
-0.000000
-0.000000
-0.000000
0.000000
-0.000000
-0.000000
-0.000000
0.000000
-0.000000
-0.000000
-0.000000
0.000000
-0.000000
-0.000000
-0.000000
0.000000
-0.000000
-0.000000
0.000000
0.000000
-0.000000
-0.000000
-0.000000
0.000000
0.000000
-0.000000
-0.000000
0.000000
-0.000000
-0.000000
-0.000000
0.000000
-0.000000
-0.000000
-0.000000
0.000000
0.000000
-0.000000
-0.000000
0.000000
-0.000000
0.000000
0.000000
0.000000
0.000000
-0.000000
-0.000000
0.000000
0.000000
-0.000000
-0.000000
0.000000
-0.000000
-0.000000
-0.000000
0.000000
-0.000000
0.000000
-0.000000
0.000000
-0.000000
-0.000000
-0.000000
0.000000
-0.000000
-0.000000
-0.000000
0.000000
-0.000000
-0.000000
-0.000000
0.000000
-0.000000
-0.000000
-0.000000
0.000000
-0.000000
-0.000000
-0.000000
0.000000
0.000000
-0.000000
0.000000
0.000000
-0.000000
-0.000000
-0.000000
0.000000
-0.000000
-0.000000
0.000000
0.000000
-0.000000
-0.000000
-0.000000
0.000000
-0.000000
-0.000000
-0.000000
0.000000
-0.000000
-0.000000
-0.000000
0.000000
-0.000000
0.000000
-0.000000
0.000000
0.000000
-0.000000
-0.000000
0.000000
-0.000000
-0.000000
-0.000000
0.000000
-0.000000
-0.000000
0.000000
0.000000
-0.000000
-0.000000
-0.000000
0.000000
-0.000000
-0.000000
-0.000000
0.000000
-0.000000
-0.000000
-0.000000
0.000000
-0.000000
-0.000000
-0.000000
0.000000
-0.000000
-0.000000
-0.000000
0.000000
-0.000000
-0.000000
-0.000000
0.000000
-0.000000
-0.000000
-0.000000
0.000000
-0.000000
-0.000000
0.000000
0.000000
-0.000000
-0.000000
0.000000
0.000000
-0.000000
-0.000000
0.000000
0.000000
-0.000000
-0.000000
-0.000000
0.000000
-0.000000
-0.000000
-0.000000
0.000000
-0.000000
-0.000000
-0.000000
0.000000
-0.000000
-0.000000
0.000000
0.000000
0.000000
0.000000
-0.000000
0.000000
-0.000000
-0.000000
-0.000000
0.000000
-0.000000
0.000000
-0.000000
0.000000
-0.000000
0.000000
-0.000000
0.000000
-0.000000
-0.000000
-0.000000
0.000000
-0.000000
-0.000000
-0.000000
0.000000
-0.000000
-0.000000
-0.000000
0.000000
-0.000000
-0.000000
-0.000000
0.000000
-0.000000
0.000000
-0.000000
0.000000
-0.000000
0.000000
-0.000000
0.000000
-0.000000
-0.000000
-0.000000
0.000000
-0.000000
0.000000
-0.000000
0.000000
-0.000000
-0.000000
-0.000000
0.000000
0.000000
-0.000000
-0.000000
0.000000
-0.000000
-0.000000
-0.000000
0.000000
0.000000
-0.000000
-0.000000
0.000000
-0.000000
-0.000000
-0.000000
0.000000
-0.000000
0.000000
-0.000000
0.000000
-0.000000
-0.000000
-0.000000
0.000000
-0.000000
-0.000000
-0.000000
0.000000
0.000000
-0.000000
-0.000000
0.000000
-0.000000
-0.000000
-0.000000
0.000000
-0.000000
-0.000000
-0.000000
0.000000
-0.000000
-0.000000
0.000000
0.000000
0.000000
0.000000
-0.000000
0.000000
0.000000
0.000000
-0.000000
0.000000
0.000000
0.000000
-0.000000
0.000000
-0.000000
0.000000
0.000000
0.000000
0.000000
0.000000
-0.000000
0.000000
-0.000000
0.000000
0.000000
0.000000
0.000000
-0.000000
0.000000
0.000000
-0.000000
0.000000
-0.000000
0.000000
0.000000
0.000000
-0.000000
0.000000
-0.000000
0.000000
-0.000000
0.000000
0.000000
0.000000
-0.000000
0.000000
0.000000
0.000000
-0.000000
0.000000
-0.000000
0.000000
-0.000000
0.000000
0.000000
0.000000
-0.000000
0.000000
0.000000
0.000000
0.000000
0.000000
0.000000
0.000000
0.000000
0.000000
0.000000
-0.000000
0.000000
0.000000
-0.000000
0.000000
0.000000
0.000000
0.000000
0.000000
0.000000
0.000000
0.000000
0.000000
0.000000
0.000000
0.000000
0.000000
-0.000000
0.000000
0.000000
0.000000
0.000000
0.000000
0.000000
0.000000
0.000000
0.000000
0.000000
-0.000000
-0.000000
0.000000
0.000000
0.000000
-0.000000
0.000000
0.000000
-0.000000
-0.000000
-0.000000
0.000000
0.000000
-0.000000
0.000000
0.000000
0.000000
-0.000000
0.000000
0.000000
-0.000000
-0.000000
0.000000
0.000000
-0.000000
-0.000000
-0.000000
0.000000
0.000000
-0.000000
-0.000000
0.000000
-0.000000
-0.000000
0.000000
0.000000
0.000000
-0.000000
-0.000000
0.000000
0.000000
-0.000000
-0.000000
0.000000
0.000000
-0.000000
0.000000
0.000000
-0.000000
-0.000000
-0.000000
0.000000
-0.000000
-0.000000
0.000000
0.000000
-0.000000
-0.000000
-0.000000
0.000000
-0.000000
-0.000000
-0.000000
0.000000
0.000000
-0.000000
-0.000000
0.000000
-0.000000
-0.000000
-0.000000
0.000000
0.000000
-0.000000
-0.000000
0.000000
0.000000
-0.000000
-0.000000
0.000000
-0.000000
-0.000000
0.000000
0.000000
0.000000
-0.000000
-0.000000
0.000000
-0.000000
-0.000000
0.000000
0.000000
-0.000000
-0.000000
-0.000000
0.000000
0.000000
-0.000000
-0.000000
0.000000
-0.000000
-0.000000
-0.000000
0.000000
-0.000000
-0.000000
-0.000000
0.000000
0.000000
-0.000000
-0.000000
0.000000
0.000000
-0.000000
0.000000
0.000000
0.000000
-0.000000
-0.000000
0.000000
0.000000
-0.000000
0.000000
0.000000
-0.000000
-0.000000
-0.000000
0.000000
-0.000000
-0.000000
0.000000
0.000000
-0.000000
-0.000000
-0.000000
0.000000
0.000000
-0.000000
-0.000000
0.000000
-0.000000
-0.000000
-0.000000
0.000000
0.000000
-0.000000
-0.000000
0.000000
-0.000000
-0.000000
-0.000000
0.000000
-0.000000
-0.000000
0.000000
0.000000
-0.000000
-0.000000
-0.000000
0.000000
-0.000000
0.000000
0.000000
0.000000
0.000000
-0.000000
-0.000000
0.000000
0.000000
-0.000000
0.000000
0.000000
-0.000000
-0.000000
0.000000
0.000000
-0.000000
-0.000000
-0.000000
0.000000
-0.000000
-0.000000
0.000000
0.000000
-0.000000
-0.000000
-0.000000
0.000000
0.000000
0.000000
-0.000000
-0.000000
0.000000
-0.000000
0.000000
0.000000
0.000000
-0.000000
-0.000000
0.000000
-0.000000
-0.000000
-0.000000
0.000000
0.000000
-0.000000
-0.000000
0.000000
-0.000000
-0.000000
-0.000000
0.000000
0.000000
-0.000000
-0.000000
0.000000
-0.000000
-0.000000
-0.000000
0.000000
-0.000000
-0.000000
0.000000
0.000000
0.000000
-0.000000
0.000000
0.000000
-0.000000
-0.000000
-0.000000
0.000000
0.000000
-0.000000
0.000000
0.000000
0.000000
-0.000000
0.000000
0.000000
-0.000000
-0.000000
0.000000
-0.000000
0.000000
-0.000000
0.000000
0.000000
-0.000000
0.000000
-0.000000
0.000000
-0.000000
-0.000000
-0.000000
0.000000
-0.000000
-0.000000
0.000000
0.000000
-0.000000
-0.000000
-0.000000
0.000000
-0.000000
-0.000000
-0.000000
0.000000
-0.000000
-0.000000
0.000000
0.000000
0.000000
-0.000000
0.000000
0.000000
0.000000
-0.000000
-0.000000
0.000000
-0.000000
-0.000000
-0.000000
0.000000
-0.000000
-0.000000
0.000000
0.000000
-0.000000
-0.000000
0.000000
0.000000
-0.000000
-0.000000
-0.000000
0.000000
-0.000000
-0.000000
-0.000000
0.000000
-0.000000
-0.000000
-0.000000
0.000000
0.000000
-0.000000
-0.000000
0.000000
0.000000
-0.000000
0.000000
0.000000
0.000000
-0.000000
0.000000
0.000000
0.000000
-0.000000
0.000000
0.000000
0.000000
-0.000000
0.000000
0.000000
-0.000000
-0.000000
0.000000
0.000000
0.000000
-0.000000
-0.000000
0.000000
-0.000000
-0.000000
-0.000000
0.000000
0.000000
-0.000000
-0.000000
0.000000
0.000000
-0.000000
-0.000000
0.000000
0.000000
-0.000000
-0.000000
0.000000
0.000000
-0.000000
-0.000000
0.000000
0.000000
-0.000000
-0.000000
0.000000
-0.000000
-0.000000
-0.000000
0.000000
-0.000000
-0.000000
-0.000000
0.000000
-0.000000
-0.000000
-0.000000
0.000000
-0.000000
-0.000000
-0.000000
0.000000
-0.000000
-0.000000
-0.000000
0.000000
-0.000000
-0.000000
0.000000
0.000000
-0.000000
-0.000000
-0.000000
0.000000
-0.000000
-0.000000
0.000000
0.000000
-0.000000
-0.000000
-0.000000
0.000000
-0.000000
-0.000000
0.000000
0.000000
-0.000000
-0.000000
-0.000000
0.000000
-0.000000
-0.000000
0.000000
0.000000
-0.000000
-0.000000
-0.000000
0.000000
-0.000000
-0.000000
0.000000
0.000000
-0.000000
-0.000000
0.000000
0.000000
-0.000000
-0.000000
0.000000
0.000000
0.000000
-0.000000
0.000000
0.000000
-0.000000
-0.000000
-0.000000
0.000000
0.000000
-0.000000
-0.000000
0.000000
-0.000000
-0.000000
0.000000
0.000000
-0.000000
-0.000000
-0.000000
0.000000
-0.000000
0.000000
0.000000
0.000000
0.000000
-0.000000
0.000000
0.000000
0.000000
0.000000
-0.000000
0.000000
-0.000000
0.000000
-0.000000
0.000000
-0.000000
-0.000000
-0.000000
0.000000
-0.000000
-0.000000
-0.000000
0.000000
0.000000
-0.000000
-0.000000
0.000000
-0.000000
-0.000000
-0.000000
0.000000
-0.000000
-0.000000
-0.000000
0.000000
-0.000000
-0.000000
0.000000
0.000000
-0.000000
0.000000
-0.000000
0.000000
-0.000000
-0.000000
-0.000000
0.000000
-0.000000
-0.000000
-0.000000
0.000000
0.000000
-0.000000
-0.000000
0.000000
0.000000
-0.000000
-0.000000
0.000000
-0.000000
-0.000000
-0.000000
0.000000
-0.000000
-0.000000
0.000000
0.000000
-0.000000
-0.000000
0.000000
0.000000
-0.000000
-0.000000
0.000000
0.000000
-0.000000
-0.000000
-0.000000
0.000000
-0.000000
-0.000000
-0.000000
0.000000
0.000000
-0.000000
0.000000
0.000000
0.000000
-0.000000
0.000000
0.000000
-0.000000
-0.000000
-0.000000
0.000000
-0.000000
-0.000000
0.000000
0.000000
-0.000000
-0.000000
-0.000000
0.000000
-0.000000
-0.000000
-0.000000
0.000000
-0.000000
-0.000000
-0.000000
0.000000
-0.000000
-0.000000
0.000000
0.000000
0.000000
-0.000000
-0.000000
0.000000
-0.000000
-0.000000
0.000000
0.000000
-0.000000
-0.000000
-0.000000
0.000000
-0.000000
-0.000000
0.000000
0.000000
-0.000000
-0.000000
-0.000000
0.000000
0.000000
-0.000000
-0.000000
0.000000
-0.000000
-0.000000
0.000000
0.000000
-0.000000
-0.000000
0.000000
0.000000
-0.000000
-0.000000
-0.000000
0.000000
-0.000000
-0.000000
-0.000000
0.000000
-0.000000
-0.000000
-0.000000
0.000000
-0.000000
-0.000000
-0.000000
0.000000
-0.000000
-0.000000
-0.000000
0.000000
-0.000000
-0.000000
0.000000
0.000000
-0.000000
-0.000000
0.000000
0.000000
-0.000000
-0.000000
0.000000
0.000000
-0.000000
-0.000000
-0.000000
0.000000
0.000000
-0.000000
-0.000000
0.000000
-0.000000
-0.000000
-0.000000
0.000000
-0.000000
-0.000000
-0.000000
0.000000
-0.000000
-0.000000
-0.000000
0.000000
-0.000000
-0.000000
-0.000000
0.000000
-0.000000
-0.000000
-0.000000
0.000000
-0.000000
-0.000000
0.000000
0.000000
-0.000000
-0.000000
0.000000
0.000000
0.000000
-0.000000
-0.000000
0.000000
0.000000
-0.000000
-0.000000
0.000000
-0.000000
-0.000000
-0.000000
0.000000
-0.000000
-0.000000
-0.000000
0.000000
-0.000000
-0.000000
-0.000000
0.000000
-0.000000
-0.000000
-0.000000
0.000000
-0.000000
-0.000000
-0.000000
0.000000
0.000000
-0.000000
-0.000000
0.000000
-0.000000
-0.000000
-0.000000
0.000000
-0.000000
-0.000000
-0.000000
0.000000
-0.000000
-0.000000
-0.000000
0.000000
0.000000
-0.000000
0.000000
0.000000
-0.000000
-0.000000
-0.000000
0.000000
0.000000
-0.000000
0.000000
0.000000
0.000000
-0.000000
-0.000000
0.000000
0.000000
-0.000000
0.000000
0.000000
-0.000000
-0.000000
0.000000
0.000000
-0.000000
-0.000000
-0.000000
0.000000
-0.000000
-0.000000
0.000000
0.000000
-0.000000
-0.000000
-0.000000
0.000000
-0.000000
-0.000000
-0.000000
0.000000
-0.000000
-0.000000
-0.000000
0.000000
-0.000000
-0.000000
-0.000000
0.000000
-0.000000
-0.000000
0.000000
0.000000
-0.000000
-0.000000
-0.000000
0.000000
0.000000
-0.000000
-0.000000
0.000000
0.000000
-0.000000
-0.000000
0.000000
-0.000000
-0.000000
0.000000
0.000000
-0.000000
-0.000000
0.000000
0.000000
-0.000000
-0.000000
0.000000
0.000000
-0.000000
-0.000000
-0.000000
0.000000
-0.000000
-0.000000
-0.000000
0.000000
-0.000000
-0.000000
-0.000000
0.000000
-0.000000
-0.000000
-0.000000
0.000000
-0.000000
-0.000000
-0.000000
0.000000
-0.000000
-0.000000
-0.000000
0.000000
0.000000
-0.000000
0.000000
0.000000
-0.000000
-0.000000
0.000000
0.000000
-0.000000
-0.000000
-0.000000
0.000000
-0.000000
-0.000000
0.000000
0.000000
-0.000000
-0.000000
-0.000000
0.000000
-0.000000
-0.000000
-0.000000
0.000000
-0.000000
-0.000000
-0.000000
0.000000
-0.000000
-0.000000
-0.000000
0.000000
0.000000
-0.000000
-0.000000
0.000000
0.000000
-0.000000
-0.000000
0.000000
-0.000000
-0.000000
-0.000000
0.000000
-0.000000
-0.000000
0.000000
0.000000
-0.000000
-0.000000
-0.000000
0.000000
-0.000000
-0.000000
-0.000000
0.000000
-0.000000
-0.000000
-0.000000
0.000000
0.000000
-0.000000
-0.000000
0.000000
0.000000
-0.000000
-0.000000
0.000000
-0.000000
-0.000000
-0.000000
0.000000
0.000000
-0.000000
-0.000000
0.000000
0.000000
-0.000000
-0.000000
0.000000
0.000000
-0.000000
-0.000000
0.000000
0.000000
-0.000000
0.000000
0.000000
0.000000
-0.000000
-0.000000
0.000000
0.000000
-0.000000
-0.000000
0.000000
-0.000000
-0.000000
-0.000000
0.000000
-0.000000
-0.000000
-0.000000
0.000000
-0.000000
-0.000000
-0.000000
0.000000
-0.000000
-0.000000
-0.000000
0.000000
-0.000000
-0.000000
-0.000000
0.000000
-0.000000
-0.000000
-0.000000
0.000000
-0.000000
-0.000000
0.000000
0.000000
-0.000000
-0.000000
-0.000000
0.000000
-0.000000
-0.000000
0.000000
0.000000
-0.000000
-0.000000
-0.000000
0.000000
-0.000000
-0.000000
0.000000
0.000000
-0.000000
-0.000000
-0.000000
0.000000
-0.000000
-0.000000
-0.000000
0.000000
-0.000000
-0.000000
-0.000000
0.000000
-0.000000
-0.000000
-0.000000
0.000000
0.000000
-0.000000
0.000000
0.000000
-0.000000
0.000000
-0.000000
0.000000
0.000000
-0.000000
0.000000
0.000000
-0.000000
0.000000
0.000000
0.000000
-0.000000
-0.000000
-0.000000
0.000000
-0.000000
-0.000000
-0.000000
0.000000
-0.000000
-0.000000
-0.000000
0.000000
-0.000000
-0.000000
-0.000000
0.000000
0.000000
-0.000000
0.000000
0.000000
-0.000000
-0.000000
0.000000
0.000000
-0.000000
-0.000000
0.000000
0.000000
0.000000
-0.000000
-0.000000
0.000000
0.000000
-0.000000
-0.000000
0.000000
-0.000000
-0.000000
-0.000000
0.000000
-0.000000
-0.000000
-0.000000
0.000000
0.000000
-0.000000
0.000000
0.000000
-0.000000
-0.000000
0.000000
0.000000
0.000000
-0.000000
0.000000
0.000000
-0.000000
-0.000000
-0.000000
0.000000
-0.000000
-0.000000
0.000000
0.000000
-0.000000
-0.000000
-0.000000
0.000000
-0.000000
-0.000000
-0.000000
0.000000
-0.000000
-0.000000
-0.000000
0.000000
-0.000000
-0.000000
-0.000000
0.000000
-0.000000
-0.000000
0.000000
0.000000
-0.000000
-0.000000
-0.000000
0.000000
-0.000000
-0.000000
0.000000
0.000000
-0.000000
-0.000000
-0.000000
0.000000
-0.000000
-0.000000
0.000000
0.000000
-0.000000
-0.000000
-0.000000
0.000000
-0.000000
-0.000000
-0.000000
0.000000
-0.000000
-0.000000
-0.000000
0.000000
-0.000000
-0.000000
0.000000
0.000000
-0.000000
-0.000000
-0.000000
0.000000
0.000000
-0.000000
0.000000
0.000000
0.000000
-0.000000
-0.000000
0.000000
-0.000000
-0.000000
-0.000000
0.000000
-0.000000
-0.000000
-0.000000
0.000000
-0.000000
-0.000000
-0.000000
0.000000
-0.000000
-0.000000
-0.000000
0.000000
-0.000000
-0.000000
0.000000
0.000000
-0.000000
-0.000000
-0.000000
0.000000
-0.000000
-0.000000
-0.000000
0.000000
-0.000000
-0.000000
-0.000000
0.000000
-0.000000
-0.000000
-0.000000
0.000000
-0.000000
-0.000000
-0.000000
0.000000
-0.000000
-0.000000
-0.000000
0.000000
-0.000000
-0.000000
-0.000000
0.000000
-0.000000
-0.000000
-0.000000
0.000000
-0.000000
-0.000000
-0.000000
0.000000
-0.000000
-0.000000
-0.000000
0.000000
-0.000000
-0.000000
0.000000
0.000000
-0.000000
-0.000000
-0.000000
0.000000
-0.000000
-0.000000
-0.000000
0.000000
-0.000000
-0.000000
-0.000000
0.000000
-0.000000
-0.000000
-0.000000
0.000000
-0.000000
-0.000000
-0.000000
0.000000
-0.000000
-0.000000
-0.000000
0.000000
-0.000000
-0.000000
-0.000000
0.000000
-0.000000
-0.000000
-0.000000
0.000000
-0.000000
-0.000000
-0.000000
0.000000
-0.000000
-0.000000
-0.000000
0.000000
-0.000000
-0.000000
-0.000000
0.000000
0.000000
-0.000000
0.000000
0.000000
-0.000000
-0.000000
0.000000
0.000000
-0.000000
-0.000000
0.000000
0.000000
-0.000000
-0.000000
0.000000
0.000000
0.000000
-0.000000
-0.000000
0.000000
-0.000000
-0.000000
-0.000000
0.000000
-0.000000
-0.000000
-0.000000
0.000000
-0.000000
-0.000000
-0.000000
0.000000
-0.000000
-0.000000
-0.000000
0.000000
-0.000000
-0.000000
0.000000
0.000000
-0.000000
-0.000000
-0.000000
0.000000
-0.000000
-0.000000
-0.000000
0.000000
-0.000000
-0.000000
-0.000000
0.000000
-0.000000
-0.000000
-0.000000
0.000000
-0.000000
-0.000000
-0.000000
0.000000
-0.000000
-0.000000
-0.000000
0.000000
-0.000000
-0.000000
-0.000000
0.000000
0.000000
-0.000000
0.000000
0.000000
-0.000000
-0.000000
-0.000000
0.000000
-0.000000
-0.000000
-0.000000
0.000000
-0.000000
-0.000000
-0.000000
0.000000
-0.000000
-0.000000
-0.000000
0.000000
-0.000000
-0.000000
-0.000000
0.000000
-0.000000
-0.000000
-0.000000
0.000000
-0.000000
-0.000000
-0.000000
0.000000
-0.000000
-0.000000
-0.000000
0.000000
-0.000000
-0.000000
-0.000000
0.000000
-0.000000
-0.000000
-0.000000
0.000000
-0.000000
-0.000000
-0.000000
0.000000
-0.000000
-0.000000
-0.000000
0.000000
-0.000000
-0.000000
0.000000
0.000000
-0.000000
-0.000000
-0.000000
0.000000
-0.000000
-0.000000
0.000000
0.000000
-0.000000
-0.000000
-0.000000
0.000000
-0.000000
-0.000000
-0.000000
0.000000
-0.000000
-0.000000
-0.000000
0.000000
-0.000000
-0.000000
-0.000000
0.000000
-0.000000
-0.000000
-0.000000
0.000000
-0.000000
-0.000000
-0.000000
0.000000
-0.000000
-0.000000
-0.000000
0.000000
-0.000000
-0.000000
-0.000000
0.000000
-0.000000
-0.000000
-0.000000
0.000000
-0.000000
-0.000000
-0.000000
0.000000
-0.000000
-0.000000
-0.000000
0.000000
0.000000
-0.000000
-0.000000
0.000000
-0.000000
-0.000000
-0.000000
0.000000
-0.000000
-0.000000
-0.000000
0.000000
-0.000000
-0.000000
-0.000000
0.000000
-0.000000
-0.000000
-0.000000
0.000000
-0.000000
-0.000000
-0.000000
0.000000
-0.000000
-0.000000
-0.000000
0.000000
-0.000000
-0.000000
-0.000000
0.000000
-0.000000
-0.000000
-0.000000
0.000000
-0.000000
-0.000000
-0.000000
0.000000
-0.000000
-0.000000
-0.000000
0.000000
-0.000000
-0.000000
-0.000000
0.000000
-0.000000
-0.000000
-0.000000
0.000000
-0.000000
-0.000000
-0.000000
0.000000
-0.000000
-0.000000
-0.000000
0.000000
-0.000000
-0.000000
-0.000000
0.000000
-0.000000
-0.000000
-0.000000
0.000000
-0.000000
-0.000000
-0.000000
0.000000
0.000000
-0.000000
0.000000
0.000000
-0.000000
-0.000000
-0.000000
0.000000
-0.000000
-0.000000
-0.000000
0.000000
-0.000000
-0.000000
-0.000000
0.000000
-0.000000
-0.000000
-0.000000
0.000000
-0.000000
-0.000000
-0.000000
0.000000
-0.000000
-0.000000
-0.000000
0.000000
-0.000000
-0.000000
-0.000000
0.000000
-0.000000
-0.000000
-0.000000
0.000000
-0.000000
-0.000000
-0.000000
0.000000
-0.000000
-0.000000
-0.000000
0.000000
-0.000000
-0.000000
-0.000000
0.000000
-0.000000
-0.000000
-0.000000
0.000000
0.000000
-0.000000
-0.000000
0.000000
-0.000000
-0.000000
-0.000000
0.000000
-0.000000
-0.000000
-0.000000
0.000000
-0.000000
-0.000000
-0.000000
0.000000
-0.000000
-0.000000
-0.000000
0.000000
-0.000000
-0.000000
-0.000000
0.000000
-0.000000
-0.000000
-0.000000
0.000000
-0.000000
-0.000000
-0.000000
0.000000
0.000000
-0.000000
-0.000000
0.000000
-0.000000
-0.000000
-0.000000
0.000000
-0.000000
-0.000000
-0.000000
0.000000
-0.000000
-0.000000
-0.000000
0.000000
-0.000000
-0.000000
-0.000000
0.000000
-0.000000
-0.000000
-0.000000
0.000000
-0.000000
-0.000000
-0.000000
0.000000
-0.000000
-0.000000
-0.000000
0.000000
-0.000000
-0.000000
-0.000000
0.000000
-0.000000
-0.000000
-0.000000
0.000000
-0.000000
-0.000000
-0.000000
0.000000
-0.000000
-0.000000
-0.000000
0.000000
-0.000000
-0.000000
-0.000000
0.000000
-0.000000
-0.000000
-0.000000
0.000000
-0.000000
-0.000000
-0.000000
0.000000
-0.000000
-0.000000
-0.000000
0.000000
-0.000000
-0.000000
-0.000000
0.000000
-0.000000
-0.000000
-0.000000
0.000000
-0.000000
-0.000000
-0.000000
0.000000
-0.000000
-0.000000
-0.000000
0.000000
-0.000000
-0.000000
-0.000000
0.000000
-0.000000
-0.000000
-0.000000
0.000000
-0.000000
-0.000000
-0.000000
0.000000
-0.000000
-0.000000
-0.000000
0.000000
-0.000000
-0.000000
-0.000000
0.000000
-0.000000
-0.000000
-0.000000
0.000000
-0.000000
-0.000000
-0.000000
0.000000
-0.000000
-0.000000
-0.000000
0.000000
-0.000000
-0.000000
-0.000000
0.000000
-0.000000
-0.000000
0.000000
0.000000
-0.000000
-0.000000
-0.000000
0.000000
-0.000000
-0.000000
-0.000000
0.000000
-0.000000
-0.000000
-0.000000
0.000000
-0.000000
-0.000000
-0.000000
0.000000
-0.000000
-0.000000
-0.000000
0.000000
-0.000000
-0.000000
-0.000000
0.000000
-0.000000
-0.000000
-0.000000
0.000000
-0.000000
-0.000000
-0.000000
0.000000
-0.000000
-0.000000
-0.000000
0.000000
-0.000000
-0.000000
0.000000
0.000000
-0.000000
-0.000000
0.000000
0.000000
-0.000000
-0.000000
-0.000000
0.000000
-0.000000
-0.000000
-0.000000
0.000000
-0.000000
-0.000000
-0.000000
0.000000
-0.000000
-0.000000
-0.000000
0.000000
-0.000000
-0.000000
-0.000000
0.000000
-0.000000
-0.000000
-0.000000
0.000000
-0.000000
-0.000000
-0.000000
0.000000
-0.000000
-0.000000
-0.000000
0.000000
-0.000000
-0.000000
-0.000000
0.000000
-0.000000
-0.000000
-0.000000
0.000000
-0.000000
-0.000000
-0.000000
0.000000
-0.000000
-0.000000
-0.000000
0.000000
-0.000000
-0.000000
-0.000000
0.000000
-0.000000
-0.000000
-0.000000
0.000000
-0.000000
-0.000000
-0.000000
0.000000
-0.000000
-0.000000
-0.000000
0.000000
-0.000000
-0.000000
0.000000
0.000000
-0.000000
-0.000000
0.000000
0.000000
-0.000000
-0.000000
-0.000000
0.000000
-0.000000
-0.000000
-0.000000
0.000000
-0.000000
-0.000000
-0.000000
0.000000
-0.000000
-0.000000
0.000000
0.000000
-0.000000
-0.000000
0.000000
0.000000
-0.000000
-0.000000
-0.000000
0.000000
-0.000000
-0.000000
-0.000000
0.000000
-0.000000
-0.000000
-0.000000
0.000000
-0.000000
-0.000000
-0.000000
0.000000
-0.000000
-0.000000
-0.000000
0.000000
-0.000000
-0.000000
-0.000000
0.000000
-0.000000
-0.000000
-0.000000
0.000000
-0.000000
-0.000000
-0.000000
0.000000
-0.000000
-0.000000
-0.000000
0.000000
-0.000000
-0.000000
-0.000000
0.000000
-0.000000
-0.000000
-0.000000
0.000000
-0.000000
-0.000000
-0.000000
0.000000
-0.000000
-0.000000
-0.000000
0.000000
-0.000000
-0.000000
-0.000000
0.000000
-0.000000
-0.000000
-0.000000
0.000000
-0.000000
-0.000000
-0.000000
0.000000
-0.000000
-0.000000
-0.000000
0.000000
-0.000000
-0.000000
0.000000
0.000000
-0.000000
-0.000000
-0.000000
0.000000
-0.000000
-0.000000
-0.000000
0.000000
-0.000000
-0.000000
-0.000000
0.000000
-0.000000
-0.000000
-0.000000
0.000000
-0.000000
-0.000000
-0.000000
0.000000
-0.000000
-0.000000
-0.000000
0.000000
-0.000000
-0.000000
-0.000000
0.000000
-0.000000
-0.000000
-0.000000
0.000000
-0.000000
-0.000000
-0.000000
0.000000
-0.000000
-0.000000
-0.000000
0.000000
-0.000000
-0.000000
-0.000000
0.000000
-0.000000
-0.000000
-0.000000
0.000000
-0.000000
-0.000000
-0.000000
0.000000
-0.000000
-0.000000
-0.000000
0.000000
-0.000000
-0.000000
-0.000000
0.000000
-0.000000
-0.000000
-0.000000
0.000000
-0.000000
-0.000000
0.000000
0.000000
-0.000000
-0.000000
-0.000000
0.000000
-0.000000
-0.000000
-0.000000
0.000000
-0.000000
-0.000000
0.000000
0.000000
-0.000000
-0.000000
-0.000000
0.000000
-0.000000
-0.000000
-0.000000
0.000000
-0.000000
-0.000000
-0.000000
0.000000
-0.000000
-0.000000
-0.000000
0.000000
-0.000000
-0.000000
0.000000
0.000000
-0.000000
-0.000000
0.000000
0.000000
-0.000000
-0.000000
-0.000000
0.000000
-0.000000
-0.000000
-0.000000
0.000000
-0.000000
-0.000000
0.000000
0.000000
-0.000000
-0.000000
0.000000
0.000000
-0.000000
-0.000000
-0.000000
0.000000
-0.000000
-0.000000
-0.000000
0.000000
-0.000000
-0.000000
-0.000000
0.000000
-0.000000
-0.000000
-0.000000
0.000000
-0.000000
-0.000000
-0.000000
0.000000
-0.000000
-0.000000
-0.000000
0.000000
0.000000
-0.000000
-0.000000
0.000000
-0.000000
-0.000000
-0.000000
0.000000
0.000000
-0.000000
-0.000000
0.000000
-0.000000
-0.000000
-0.000000
0.000000
-0.000000
-0.000000
-0.000000
0.000000
-0.000000
-0.000000
-0.000000
0.000000
-0.000000
-0.000000
-0.000000
0.000000
-0.000000
-0.000000
-0.000000
0.000000
-0.000000
-0.000000
-0.000000
0.000000
-0.000000
-0.000000
-0.000000
0.000000
-0.000000
-0.000000
-0.000000
0.000000
-0.000000
-0.000000
-0.000000
0.000000
-0.000000
-0.000000
-0.000000
0.000000
-0.000000
-0.000000
-0.000000
0.000000
-0.000000
-0.000000
-0.000000
0.000000
-0.000000
-0.000000
-0.000000
0.000000
-0.000000
-0.000000
-0.000000
0.000000
-0.000000
-0.000000
-0.000000
0.000000
-0.000000
-0.000000
-0.000000
0.000000
-0.000000
-0.000000
-0.000000
0.000000
-0.000000
-0.000000
-0.000000
0.000000
-0.000000
-0.000000
-0.000000
0.000000
-0.000000
-0.000000
-0.000000
0.000000
-0.000000
-0.000000
-0.000000
0.000000
-0.000000
-0.000000
-0.000000
0.000000
-0.000000
-0.000000
-0.000000
0.000000
-0.000000
-0.000000
-0.000000
0.000000
-0.000000
-0.000000
-0.000000
0.000000
-0.000000
-0.000000
-0.000000
0.000000
-0.000000
-0.000000
-0.000000
0.000000
-0.000000
-0.000000
-0.000000
0.000000
-0.000000
-0.000000
-0.000000
0.000000
-0.000000
-0.000000
-0.000000
0.000000
-0.000000
-0.000000
-0.000000
0.000000
-0.000000
-0.000000
-0.000000
0.000000
-0.000000
-0.000000
-0.000000
0.000000
-0.000000
-0.000000
-0.000000
0.000000
-0.000000
-0.000000
-0.000000
0.000000
-0.000000
-0.000000
-0.000000
0.000000
-0.000000
-0.000000
-0.000000
0.000000
-0.000000
-0.000000
-0.000000
0.000000
-0.000000
-0.000000
-0.000000
0.000000
-0.000000
-0.000000
-0.000000
0.000000
-0.000000
-0.000000
-0.000000
0.000000
-0.000000
-0.000000
-0.000000
0.000000
-0.000000
-0.000000
-0.000000
0.000000
-0.000000
-0.000000
-0.000000
0.000000
-0.000000
-0.000000
-0.000000
0.000000
-0.000000
-0.000000
-0.000000
0.000000
-0.000000
-0.000000
-0.000000
0.000000
-0.000000
-0.000000
-0.000000
0.000000
-0.000000
-0.000000
-0.000000
0.000000
-0.000000
-0.000000
-0.000000
0.000000
-0.000000
-0.000000
-0.000000
0.000000
-0.000000
-0.000000
-0.000000
0.000000
-0.000000
-0.000000
-0.000000
0.000000
-0.000000
-0.000000
-0.000000
0.000000
-0.000000
-0.000000
-0.000000
0.000000
-0.000000
-0.000000
-0.000000
0.000000
-0.000000
-0.000000
-0.000000
0.000000
-0.000000
-0.000000
-0.000000
0.000000
-0.000000
-0.000000
-0.000000
0.000000
-0.000000
-0.000000
-0.000000
0.000000
-0.000000
-0.000000
-0.000000
0.000000
-0.000000
-0.000000
-0.000000
0.000000
-0.000000
-0.000000
0.000000
0.000000
-0.000000
-0.000000
-0.000000
0.000000
-0.000000
-0.000000
-0.000000
0.000000
-0.000000
-0.000000
0.000000
0.000000
-0.000000
-0.000000
-0.000000
0.000000
-0.000000
-0.000000
-0.000000
0.000000
-0.000000
-0.000000
-0.000000
0.000000
-0.000000
-0.000000
-0.000000
0.000000
-0.000000
-0.000000
-0.000000
0.000000
-0.000000
-0.000000
-0.000000
0.000000
-0.000000
-0.000000
-0.000000
0.000000
-0.000000
-0.000000
-0.000000
0.000000
-0.000000
-0.000000
-0.000000
0.000000
-0.000000
-0.000000
-0.000000
0.000000
-0.000000
-0.000000
-0.000000
0.000000
-0.000000
-0.000000
0.000000
0.000000
-0.000000
-0.000000
-0.000000
0.000000
-0.000000
-0.000000
-0.000000
0.000000
-0.000000
-0.000000
0.000000
0.000000
-0.000000
-0.000000
-0.000000
0.000000
-0.000000
-0.000000
0.000000
0.000000
-0.000000
-0.000000
-0.000000
0.000000
-0.000000
-0.000000
-0.000000
0.000000
-0.000000
-0.000000
0.000000
0.000000
-0.000000
-0.000000
-0.000000
0.000000
-0.000000
-0.000000
-0.000000
0.000000
-0.000000
-0.000000
-0.000000
0.000000
-0.000000
-0.000000
-0.000000
0.000000
-0.000000
-0.000000
0.000000
0.000000
-0.000000
-0.000000
-0.000000
0.000000
-0.000000
-0.000000
-0.000000
0.000000
-0.000000
-0.000000
-0.000000
0.000000
-0.000000
-0.000000
-0.000000
0.000000
-0.000000
-0.000000
-0.000000
0.000000
-0.000000
-0.000000
-0.000000
0.000000
-0.000000
-0.000000
-0.000000
0.000000
-0.000000
-0.000000
-0.000000
0.000000
-0.000000
-0.000000
-0.000000
0.000000
-0.000000
-0.000000
0.000000
0.000000
-0.000000
-0.000000
-0.000000
0.000000
-0.000000
-0.000000
-0.000000
0.000000
-0.000000
-0.000000
0.000000
0.000000
-0.000000
-0.000000
-0.000000
0.000000
-0.000000
-0.000000
-0.000000
0.000000
-0.000000
-0.000000
-0.000000
0.000000
-0.000000
-0.000000
-0.000000
0.000000
-0.000000
-0.000000
0.000000
0.000000
-0.000000
-0.000000
-0.000000
0.000000
-0.000000
-0.000000
-0.000000
0.000000
-0.000000
-0.000000
0.000000
0.000000
-0.000000
-0.000000
-0.000000
0.000000
-0.000000
-0.000000
-0.000000
0.000000
-0.000000
-0.000000
0.000000
0.000000
-0.000000
-0.000000
0.000000
0.000000
-0.000000
-0.000000
0.000000
0.000000
-0.000000
-0.000000
-0.000000
0.000000
-0.000000
-0.000000
0.000000
0.000000
-0.000000
-0.000000
-0.000000
0.000000
-0.000000
-0.000000
0.000000
0.000000
-0.000000
-0.000000
0.000000
0.000000
-0.000000
-0.000000
0.000000
0.000000
-0.000000
-0.000000
0.000000
0.000000
-0.000000
-0.000000
0.000000
0.000000
-0.000000
-0.000000
-0.000000
0.000000
-0.000000
-0.000000
-0.000000
0.000000
-0.000000
-0.000000
-0.000000
0.000000
-0.000000
-0.000000
-0.000000
0.000000
-0.000000
-0.000000
-0.000000
0.000000
-0.000000
-0.000000
0.000000
0.000000
-0.000000
-0.000000
0.000000
0.000000
-0.000000
-0.000000
0.000000
0.000000
-0.000000
-0.000000
0.000000
0.000000
-0.000000
-0.000000
-0.000000
0.000000
-0.000000
-0.000000
0.000000
0.000000
-0.000000
-0.000000
0.000000
0.000000
-0.000000
-0.000000
0.000000
0.000000
-0.000000
-0.000000
0.000000
0.000000
-0.000000
-0.000000
0.000000
0.000000
-0.000000
-0.000000
0.000000
0.000000
-0.000000
-0.000000
0.000000
0.000000
-0.000000
-0.000000
0.000000
0.000000
-0.000000
-0.000000
0.000000
0.000000
-0.000000
-0.000000
0.000000
0.000000
-0.000000
-0.000000
0.000000
0.000000
-0.000000
-0.000000
0.000000
0.000000
-0.000000
-0.000000
0.000000
0.000000
-0.000000
-0.000000
0.000000
0.000000
-0.000000
-0.000000
0.000000
0.000000
-0.000000
-0.000000
0.000000
0.000000
-0.000000
-0.000000
0.000000
0.000000
-0.000000
-0.000000
0.000000
0.000000
-0.000000
-0.000000
0.000000
0.000000
-0.000000
-0.000000
0.000000
0.000000
-0.000000
-0.000000
0.000000
0.000000
-0.000000
-0.000000
0.000000
0.000000
-0.000000
-0.000000
0.000000
0.000000
-0.000000
-0.000000
0.000000
0.000000
-0.000000
-0.000000
0.000000
0.000000
-0.000000
-0.000000
0.000000
0.000000
-0.000000
-0.000000
0.000000
0.000000
-0.000000
-0.000000
0.000000
0.000000
-0.000000
-0.000000
0.000000
0.000000
-0.000000
-0.000000
0.000000
0.000000
-0.000000
-0.000000
0.000000
0.000000
-0.000000
-0.000000
0.000000
0.000000
-0.000000
-0.000000
0.000000
0.000000
-0.000000
-0.000000
0.000000
0.000000
-0.000000
-0.000000
0.000000
0.000000
-0.000000
-0.000000
0.000000
0.000000
-0.000000
-0.000000
0.000000
0.000000
-0.000000
-0.000000
0.000000
0.000000
-0.000000
-0.000000
0.000000
0.000000
-0.000000
-0.000000
0.000000
0.000000
-0.000000
-0.000000
0.000000
0.000000
-0.000000
-0.000000
0.000000
0.000000
-0.000000
-0.000000
0.000000
0.000000
-0.000000
-0.000000
0.000000
0.000000
-0.000000
-0.000000
0.000000
0.000000
-0.000000
-0.000000
0.000000
0.000000
-0.000000
-0.000000
0.000000
0.000000
-0.000000
-0.000000
0.000000
0.000000
-0.000000
-0.000000
0.000000
0.000001
-0.000000
-0.000000
0.000000
0.000001
-0.000000
-0.000000
0.000000
0.000001
-0.000000
-0.000000
0.000000
0.000001
-0.000000
-0.000000
0.000000
0.000001
-0.000000
-0.000000
0.000000
0.000001
-0.000000
-0.000000
0.000000
0.000001
-0.000000
-0.000001
0.000000
0.000001
-0.000000
-0.000001
0.000000
0.000001
-0.000000
-0.000001
0.000000
0.000001
-0.000000
-0.000001
0.000000
0.000001
-0.000000
-0.000001
0.000000
0.000001
-0.000000
-0.000001
0.000000
0.000001
-0.000000
-0.000001
0.000000
0.000001
-0.000000
-0.000001
0.000000
0.000001
-0.000000
-0.000001
0.000000
0.000001
-0.000000
-0.000001
0.000000
0.000001
-0.000000
-0.000001
0.000000
0.000001
-0.000000
-0.000001
0.000000
0.000001
-0.000000
-0.000001
0.000000
0.000001
-0.000000
-0.000001
0.000000
0.000001
-0.000000
-0.000001
0.000000
0.000001
-0.000000
-0.000001
0.000000
0.000001
-0.000000
-0.000001
0.000000
0.000001
-0.000000
-0.000001
0.000000
0.000001
-0.000000
-0.000001
0.000000
0.000001
-0.000000
-0.000001
0.000000
0.000001
-0.000000
-0.000001
0.000000
0.000001
-0.000000
-0.000001
0.000000
0.000001
-0.000000
-0.000001
0.000000
0.000001
-0.000000
-0.000001
0.000000
0.000001
-0.000000
-0.000001
0.000000
0.000001
-0.000000
-0.000001
0.000000
0.000001
-0.000000
-0.000001
0.000000
0.000001
-0.000000
-0.000001
0.000000
0.000001
-0.000000
-0.000001
0.000000
0.000001
-0.000000
-0.000001
0.000000
0.000001
-0.000000
-0.000001
0.000000
0.000001
-0.000000
-0.000001
0.000000
0.000001
-0.000000
-0.000001
0.000000
0.000001
-0.000000
-0.000001
0.000000
0.000001
-0.000000
-0.000001
0.000000
0.000001
-0.000000
-0.000001
0.000000
0.000001
-0.000000
-0.000001
0.000000
0.000001
-0.000000
-0.000001
0.000000
0.000001
-0.000000
-0.000001
0.000000
0.000001
-0.000000
-0.000001
0.000000
0.000001
-0.000000
-0.000001
0.000000
0.000001
-0.000000
-0.000001
0.000000
0.000001
-0.000000
-0.000001
0.000000
0.000001
-0.000000
-0.000001
0.000000
0.000001
-0.000000
-0.000001
0.000000
0.000001
-0.000000
-0.000001
0.000000
0.000001
-0.000000
-0.000001
0.000000
0.000001
-0.000000
-0.000001
0.000000
0.000001
-0.000000
-0.000001
0.000000
0.000001
-0.000000
-0.000001
0.000000
0.000001
-0.000000
-0.000001
0.000000
0.000001
-0.000000
-0.000001
0.000000
0.000001
-0.000000
-0.000001
0.000000
0.000001
-0.000000
-0.000001
0.000000
0.000001
-0.000000
-0.000001
0.000000
0.000001
-0.000000
-0.000001
0.000000
0.000001
-0.000000
-0.000001
0.000000
0.000001
-0.000000
-0.000001
0.000000
0.000001
-0.000000
-0.000001
0.000000
0.000001
-0.000000
-0.000001
0.000000
0.000001
-0.000000
-0.000001
0.000000
0.000001
-0.000000
-0.000001
0.000000
0.000001
-0.000000
-0.000001
0.000000
0.000001
-0.000000
-0.000001
0.000000
0.000001
-0.000000
-0.000001
0.000000
0.000001
-0.000000
-0.000001
0.000000
0.000001
-0.000000
-0.000001
0.000000
0.000001
-0.000000
-0.000001
0.000000
0.000001
-0.000000
-0.000001
0.000000
0.000001
-0.000000
-0.000001
0.000000
0.000001
-0.000000
-0.000001
0.000000
0.000001
-0.000000
-0.000001
0.000000
0.000001
-0.000000
-0.000001
0.000000
0.000002
-0.000000
-0.000001
0.000000
0.000002
-0.000000
-0.000001
0.000000
0.000002
-0.000000
-0.000002
0.000000
0.000002
-0.000000
-0.000002
0.000000
0.000002
-0.000000
-0.000002
0.000000
0.000002
-0.000000
-0.000002
0.000000
0.000002
-0.000000
-0.000002
0.000000
0.000002
-0.000000
-0.000002
0.000000
0.000002
-0.000000
-0.000002
0.000000
0.000002
-0.000000
-0.000002
0.000000
0.000002
-0.000000
-0.000002
0.000000
0.000002
-0.000000
-0.000002
0.000000
0.000002
-0.000000
-0.000002
0.000000
0.000002
-0.000000
-0.000002
0.000000
0.000002
-0.000000
-0.000002
0.000000
0.000002
-0.000000
-0.000002
0.000000
0.000002
-0.000000
-0.000002
0.000000
0.000002
-0.000000
-0.000002
0.000000
0.000002
-0.000000
-0.000002
0.000000
0.000002
-0.000000
-0.000002
0.000000
0.000002
-0.000000
-0.000002
0.000000
0.000002
-0.000000
-0.000002
0.000000
0.000002
-0.000000
-0.000002
0.000000
0.000002
-0.000000
-0.000002
0.000000
0.000002
-0.000000
-0.000002
0.000000
0.000002
-0.000000
-0.000002
0.000000
0.000002
-0.000000
-0.000002
0.000000
0.000002
-0.000000
-0.000002
0.000000
0.000002
-0.000000
-0.000002
0.000000
0.000002
-0.000000
-0.000002
0.000000
0.000003
-0.000000
-0.000002
0.000000
0.000003
-0.000000
-0.000003
0.000000
0.000003
-0.000000
-0.000003
0.000000
0.000003
-0.000000
-0.000003
0.000000
0.000003
-0.000000
-0.000003
0.000000
0.000003
-0.000000
-0.000003
0.000000
0.000003
-0.000000
-0.000003
0.000000
0.000003
-0.000000
-0.000003
0.000000
0.000003
-0.000000
-0.000003
0.000000
0.000003
-0.000000
-0.000003
0.000000
0.000003
-0.000000
-0.000003
0.000000
0.000003
-0.000000
-0.000003
0.000000
0.000003
-0.000000
-0.000003
0.000000
0.000003
-0.000000
-0.000003
0.000000
0.000003
-0.000000
-0.000003
0.000000
0.000003
-0.000000
-0.000003
0.000000
0.000003
-0.000001
-0.000003
0.000000
0.000003
-0.000001
-0.000003
0.000000
0.000004
-0.000001
-0.000004
0.000000
0.000004
-0.000001
-0.000004
0.000000
0.000004
-0.000001
-0.000004
0.000001
0.000004
-0.000001
-0.000004
0.000001
0.000004
-0.000001
-0.000004
0.000001
0.000004
-0.000001
-0.000004
0.000001
0.000004
-0.000001
-0.000004
0.000001
0.000004
-0.000001
-0.000004
0.000001
0.000004
-0.000001
-0.000004
0.000001
0.000004
-0.000001
-0.000004
0.000001
0.000004
-0.000001
-0.000004
0.000001
0.000004
-0.000001
-0.000004
0.000001
0.000005
-0.000001
-0.000005
0.000001
0.000005
-0.000001
-0.000005
0.000001
0.000005
-0.000001
-0.000005
0.000001
0.000005
-0.000001
-0.000005
0.000001
0.000005
-0.000001
-0.000005
0.000001
0.000005
-0.000001
-0.000005
0.000001
0.000005
-0.000001
-0.000005
0.000001
0.000005
-0.000001
-0.000005
0.000001
0.000005
-0.000001
-0.000005
0.000001
0.000006
-0.000001
-0.000006
0.000001
0.000006
-0.000001
-0.000006
0.000001
0.000006
-0.000001
-0.000006
0.000001
0.000006
-0.000001
-0.000006
0.000001
0.000006
-0.000001
-0.000006
0.000001
0.000006
-0.000001
-0.000006
0.000001
0.000006
-0.000001
-0.000006
0.000001
0.000006
-0.000001
-0.000006
0.000001
0.000007
-0.000001
-0.000007
0.000001
0.000007
-0.000001
-0.000007
0.000001
0.000007
-0.000001
-0.000007
0.000001
0.000007
-0.000001
-0.000007
0.000001
0.000007
-0.000001
-0.000007
0.000001
0.000007
-0.000001
-0.000007
0.000001
0.000008
-0.000001
-0.000008
0.000001
0.000008
-0.000001
-0.000008
0.000001
0.000008
-0.000001
-0.000008
0.000001
0.000008
-0.000002
-0.000008
0.000001
0.000008
-0.000002
-0.000008
0.000002
0.000009
-0.000002
-0.000009
0.000002
0.000009
-0.000002
-0.000009
0.000002
0.000009
-0.000002
-0.000009
0.000002
0.000009
-0.000002
-0.000009
0.000002
0.000010
-0.000002
-0.000010
0.000002
0.000010
-0.000002
-0.000010
0.000002
0.000010
-0.000002
-0.000010
0.000002
0.000010
-0.000002
-0.000010
0.000002
0.000011
-0.000002
-0.000011
0.000002
0.000011
-0.000002
-0.000011
0.000002
0.000011
-0.000002
-0.000011
0.000002
0.000012
-0.000002
-0.000012
0.000002
0.000012
-0.000002
-0.000012
0.000002
0.000012
-0.000003
-0.000012
0.000002
0.000013
-0.000003
-0.000013
0.000003
0.000013
-0.000003
-0.000013
0.000003
0.000013
-0.000003
-0.000013
0.000003
0.000014
-0.000003
-0.000014
0.000003
0.000014
-0.000003
-0.000014
0.000003
0.000014
-0.000003
-0.000015
0.000003
0.000015
-0.000003
-0.000015
0.000003
0.000015
-0.000003
-0.000015
0.000003
0.000016
-0.000003
-0.000016
0.000003
0.000016
-0.000004
-0.000016
0.000004
0.000017
-0.000004
-0.000017
0.000004
0.000017
-0.000004
-0.000017
0.000004
0.000018
-0.000004
-0.000018
0.000004
0.000018
-0.000004
-0.000018
0.000004
0.000019
-0.000004
-0.000019
0.000004
0.000019
-0.000005
-0.000020
0.000004
0.000020
-0.000005
-0.000020
0.000005
0.000021
-0.000005
-0.000021
0.000005
0.000021
-0.000005
-0.000022
0.000005
0.000022
-0.000005
-0.000022
0.000005
0.000023
-0.000005
-0.000023
0.000005
0.000024
-0.000006
-0.000024
0.000006
0.000024
-0.000006
-0.000025
0.000006
0.000025
-0.000006
-0.000025
0.000006
0.000026
-0.000007
-0.000026
0.000007
0.000027
-0.000007
-0.000027
0.000007
0.000028
-0.000007
-0.000028
0.000007
0.000029
-0.000007
-0.000029
0.000007
0.000030
-0.000008
-0.000030
0.000008
0.000031
-0.000008
-0.000031
0.000008
0.000032
-0.000008
-0.000032
0.000008
0.000033
-0.000009
-0.000033
0.000009
0.000034
-0.000009
-0.000035
0.000009
0.000035
-0.000010
-0.000036
0.000010
0.000037
-0.000010
-0.000037
0.000010
0.000038
-0.000011
-0.000039
0.000011
0.000039
-0.000011
-0.000040
0.000011
0.000041
-0.000012
-0.000042
0.000012
0.000042
-0.000012
-0.000043
0.000012
0.000044
-0.000013
-0.000045
0.000013
0.000046
-0.000013
-0.000047
0.000014
0.000048
-0.000014
-0.000048
0.000014
0.000049
-0.000015
-0.000050
0.000015
0.000051
-0.000015
-0.000052
0.000016
0.000053
-0.000016
-0.000054
0.000017
0.000056
-0.000017
-0.000057
0.000017
0.000058
-0.000018
-0.000059
0.000018
0.000060
-0.000019
-0.000061
0.000019
0.000063
-0.000020
-0.000064
0.000020
0.000066
-0.000021
-0.000067
0.000022
0.000068
-0.000022
-0.000070
0.000023
0.000071
-0.000024
-0.000073
0.000024
0.000074
-0.000025
-0.000076
0.000025
0.000078
-0.000026
-0.000079
0.000027
0.000081
-0.000028
-0.000083
0.000028
0.000085
-0.000029
-0.000086
0.000030
0.000089
-0.000031
-0.000090
0.000032
0.000093
-0.000033
-0.000095
0.000034
0.000097
-0.000035
-0.000099
0.000036
0.000102
-0.000037
-0.000104
0.000038
0.000106
-0.000039
-0.000109
0.000040
0.000111
-0.000042
-0.000114
0.000043
0.000117
-0.000044
-0.000120
0.000046
0.000123
-0.000047
-0.000125
0.000049
0.000129
-0.000050
-0.000132
0.000052
0.000135
-0.000054
-0.000138
0.000055
0.000142
-0.000057
-0.000146
0.000059
0.000150
-0.000061
-0.000153
0.000063
0.000157
-0.000065
-0.000161
0.000067
0.000166
-0.000070
-0.000170
0.000072
0.000175
-0.000075
-0.000179
0.000077
0.000184
-0.000080
-0.000189
0.000083
0.000194
-0.000086
-0.000199
0.000089
0.000205
-0.000092
-0.000211
0.000095
0.000217
-0.000099
-0.000223
0.000102
0.000229
-0.000106
-0.000235
0.000110
0.000242
-0.000115
-0.000249
0.000119
0.000257
-0.000123
-0.000264
0.000128
0.000272
-0.000133
-0.000280
0.000138
0.000288
-0.000144
-0.000297
0.000149
0.000306
-0.000156
-0.000315
0.000162
0.000325
-0.000169
-0.000335
0.000175
0.000346
-0.000183
-0.000356
0.000190
0.000368
-0.000198
-0.000379
0.000207
0.000392
-0.000216
-0.000404
0.000225
0.000418
-0.000235
-0.000431
0.000245
0.000446
-0.000256
-0.000460
0.000267
0.000476
-0.000280
-0.000492
0.000292
0.000509
-0.000306
-0.000526
0.000319
0.000544
-0.000335
-0.000563
0.000350
0.000583
-0.000367
-0.000603
0.000385
0.000625
-0.000404
-0.000647
0.000423
0.000671
-0.000444
-0.000695
0.000466
0.000721
-0.000490
-0.000747
0.000515
0.000775
-0.000542
-0.000804
0.000569
0.000835
-0.000600
-0.000866
0.000631
0.000900
-0.000665
-0.000934
0.000701
0.000971
-0.000740
-0.001009
0.000780
0.001049
-0.000824
-0.001091
0.000870
0.001135
-0.000921
-0.001180
0.000973
0.001229
-0.001031
-0.001279
0.001091
0.001332
-0.001157
-0.001387
0.001226
0.001445
-0.001302
-0.001505
0.001381
0.001570
-0.001469
-0.001636
0.001561
0.001707
-0.001662
-0.001779
0.001769
0.001857
-0.001886
-0.001937
0.002010
0.002022
-0.002146
-0.002110
0.002292
0.002203
-0.002451
-0.002299
0.002622
0.002402
-0.002808
-0.002506
0.003009
0.002618
-0.003229
-0.002732
0.003466
0.002853
-0.003727
-0.002976
0.004008
0.003107
-0.004317
-0.003239
0.004652
0.003378
-0.005021
-0.003518
0.005422
0.003665
-0.005863
-0.003811
0.006345
0.003961
-0.006877
-0.004109
0.007458
0.004260
-0.008101
-0.004403
0.008807
0.004544
-0.009587
-0.004673
0.010446
0.004793
-0.011399
-0.004890
0.012450
0.004967
-0.013618
-0.005007
0.014908
0.005011
-0.016345
-0.004954
0.017936
0.004834
-0.019708
-0.004620
0.021675
0.004301
-0.023867
-0.003835
0.026301
0.003201
-0.029013
-0.002339
0.032023
0.001212
-0.035371
0.000267
0.039075
-0.002161
-0.043180
0.004595
0.047695
-0.007674
-0.052655
0.011579
0.058049
-0.016476
-0.063882
0.022627
0.070087
-0.030284
-0.076594
0.039815
0.083214
-0.051586
-0.089718
0.066086
0.095667
-0.083787
-0.100513
0.105259
0.103356
-0.130979
-0.103071
0.161394
0.097996
-0.196622
-0.086129
0.236407
0.064792
-0.279637
-0.031064
0.324144
-0.018393
-0.366039
0.086349
0.399595
-0.174674
-0.416750
0.282549
0.407938
-0.405644
-0.362649
0.534250
0.272391
-0.653426
-0.132409
0.743244
-0.053886
-0.781963
0.274782
0.748863
-0.507307
-0.629429
0.720899
0.416858
-0.875074
-0.118958
0.922857
-0.239999
-0.806037
0.589187
0.473753
-0.783307
0.035497
0.600519
-0.359104
-0.165044
0.224169
-0.031035
-0.027662
0.007781
-0.000582
