0
0
-0.00000000000045390594062861
-0.00000000000175684460379975
-0.00000000000408455350316513
-0.00000000000702583629949729
-0.0000000000113442296128779
-0.0000000000158045357677736
-0.0000000000222310719020196
-0.0000000000280903191370277
-0.000000000036743020759082
-0.0000000000438803641060173
-0.000000000054877808596486
-0.0000000000631716427907746
-0.0000000000766329542406667
-0.0000000000859609125293366
-0.000000000102005752747493
-0.000000000112244711906769
-0.000000000130993272680767
-0.000000000142019354267153
-0.000000000163592347197619
-0.000000000175280919293769
-0.000000000199799570125043
-0.000000000212025248768567
-0.000000000239611289517747
-0.000000000252247941960158
-0.000000000283023599010311
-0.000000000295944347197719
-0.00000000033003233327822
-0.000000000343109554085932
-0.000000000380633062372923
-0.000000000393738391783946
-0.00000000043482108625663
-0.000000000447825419988452
-0.000000000492591425259925
-0.000000000505364920217552
-0.000000000553938817987506
-0.000000000566350901578152
-0.000000000618857709762519
-0.000000000630777077703775
-0.000000000687342252005262
-0.000000000698636871499328
-0.000000000759386302182954
-0.000000000769923399601844
-0.000000000834983391986551
-0.000000000844629496328406
-0.000000000914126753672818
-0.000000000922747651424735
-0.000000000996809292264851
-0.00000000100427006268535
-0.00000000108302358504607
-0.00000000108918860034425
-0.00000000117276188960428
-0.00000000117749479874336
-0.00000000126601610817547
-0.00000000126917985604296
-0.00000000136277781576368
-0.0000000013642346354779
-0.00000000146303821948131
-0.00000000146264965208654
-0.00000000156678817223137
-0.00000000156441506757997
-0.00000000167401819117712
-0.00000000166952068653979
-0.00000000178471838701473
-0.00000000177795593357671
-0.00000000189887851746349
-0.00000000188970989318996
-0.00000000201648796939825
-0.00000000200477122790057
-0.00000000213753571965952
-0.00000000212312827694974
-0.000000002262010360435
-0.00000000224476893818851
-0.00000000238990009405098
-0.00000000236968072811969
-0.00000000252119272310525
-0.00000000249785079265304
-0.00000000265587562140431
-0.00000000262926582740503
-0.00000000279393575608278
-0.00000000276391214564098
-0.00000000293535967271212
-0.00000000290177563122353
-0.00000000308013349407367
-0.00000000304284174471484
-0.00000000322824290307088
-0.00000000318709551381774
-0.00000000337967312951853
-0.00000000333452154479235
-0.00000000353440898556598
-0.00000000348510397736101
-0.0000000036924348205709
-0.00000000363882650648488
-0.00000000385373450545556
-0.00000000379567241154184
-0.0000000040182914469436
-0.00000000395562443761488
-0.00000000418608864116729
-0.00000000411866493168825
-0.00000000435710852378109
-0.00000000428477573691332
-0.0000000045313330982808
-0.00000000445393825163505
-0.00000000470874386934825
-0.00000000462613332694483
-0.0000000048893218516841
-0.00000000480134133233356
-0.00000000507304751036739
-0.00000000497954223066028
-0.00000000525990090418351
-0.00000000516071531098718
-0.00000000544986146783273
-0.00000000534483958296823
-0.00000000564290820817051
-0.00000000553189333834591
-0.00000000583901952696971
-0.00000000572185440045965
-0.00000000603817330680123
-0.00000000591470011900076
-0.00000000624034697882276
-0.00000000611040728792846
-0.00000000644551728677689
-0.0000000063089520682256
-0.00000000665366054141285
-0.00000000651031023064501
-0.00000000686475247113958
-0.00000000671445689292117
-0.00000000707876817823099
-0.00000000692136657093935
-0.00000000729568220607826
-0.00000000713101328451241
-0.00000000751546861542645
-0.0000000073433704864516
-0.0000000077381007206243
-0.00000000755841104387748
-0.00000000796355140700859
-0.00000000777610715564094
-0.0000000081917928959155
-0.00000000799643053202037
-0.00000000842279673912442
-0.00000000821935218332111
-0.00000000865653393351559
-0.00000000844484262977737
-0.00000000889297488758426
-0.00000000867287162238775
-0.00000000913208932870942
-0.00000000890340842032039
-0.00000000937384636878582
-0.00000000913642161808159
-0.00000000961821451521134
-0.00000000937187910572946
-0.00000000986516156143931
-0.00000000960974826849147
-0.0000000101146546678693
-0.00000000984999571875165
-0.0000000103666603295463
-0.0000000100925873949525
-0.0000000106211444502723
-0.0000000103374887198115
-0.0000000108780720986718
-0.0000000105846642868407
-0.0000000111374077838097
-0.0000000108340780531485
-0.0000000113991153729777
-0.0000000110856933377243
-0.0000000116631578430817
-0.0000000113394726575088
-0.0000000119294975437683
-0.0000000115953779957068
-0.0000000121980962420963
-0.0000000118533704351288
-0.0000000124689147869297
-0.0000000121134104453465
-0.000000012741913482236
-0.0000000123754577845029
-0.0000000130170516922403
-0.0000000126394714400445
-0.000000013294288197445
-0.0000000129054096066879
-0.0000000135735808994192
-0.0000000131732297782219
-0.0000000138548870132368
-0.0000000134428886794184
-0.0000000141381630702179
-0.0000000137143423733817
-0.000000014423364604698
-0.0000000139875459066908
-0.0000000147104464716578
-0.0000000142624537872085
-0.0000000149993628479742
-0.0000000145390195848189
-0.0000000152900668364987
-0.0000000148171960610978
-0.0000000155825109924661
-0.0000000150969351826954
-0.0000000158766469376727
-0.0000000153781882670886
-0.0000000161724253787106
-0.000000015660905490383
-0.0000000164697962577888
-0.0000000159450364808168
-0.0000000167687087930788
-0.0000000162305298542829
-0.0000000170691110908675
-0.0000000165173333794671
-0.0000000173709505742628
-0.0000000168053940230943
-0.0000000176741737136462
-0.0000000170946578258266
-0.0000000179787261693414
-0.0000000173850698970991
-0.0000000182845525756813
-0.0000000176765747136356
-0.0000000185915968053297
-0.0000000179691154582513
-0.0000000188998015733751
-0.0000000182626345774437
-0.0000000192091090720217
-0.0000000185570736908655
-0.0000000195194600975397
-0.0000000188523734971852
-0.0000000198307948135053
-0.0000000191484733779835
-0.0000000201430523871003
-0.0000000194453122798953
-0.0000000204561708876539
-0.0000000197428278555883
-0.0000000207700874324416
-0.0000000200409567177129
-0.0000000210847384333115
-0.0000000203396349260917
-0.0000000214000587472911
-0.0000000206387969821043
-0.000000021715982749117
-0.0000000209383767939059
-0.0000000220324435476914
-0.0000000212383070385014
-0.0000000223493731835457
-0.0000000215385195143777
-0.00000002266670279816
-0.0000000218389447589691
-0.0000000229843625340741
-0.0000000221395126402496
-0.0000000233022811049564
-0.0000000224401513280233
-0.0000000236203864625116
-0.0000000227407885829224
-0.0000000239386054948757
-0.0000000230413507520549
-0.0000000242568636345421
-0.0000000233417629082802
-0.0000000245750856565851
-0.0000000236419495915191
-0.0000000248931950994117
-0.0000000239418334151396
-0.0000000252111138819097
-0.0000000242413365055163
-0.0000000255287635765914
-0.0000000245403798305912
-0.0000000258460639092595
-0.0000000248388827163548
-0.0000000261629338013348
-0.0000000251367634770743
-0.0000000264792907606302
-0.000000025433939682953
-0.0000000267950512549183
-0.0000000257303270088524
-0.0000000271101305903847
-0.0000000260258405683261
-0.0000000274244426342294
-0.0000000263203935656871
-0.0000000277379000486939
-0.0000000266138987411854
-0.0000000280504145109788
-0.0000000269062668701738
-0.0000000283618961823996
-0.0000000271974080525095
-0.0000000286722537921091
-0.0000000274872305529477
-0.0000000289813951577472
-0.0000000277756416571524
-0.0000000292892265163189
-0.0000000280625473316529
-0.0000000295956528870991
-0.0000000283478522418727
-0.0000000299005778385689
-0.0000000286314593348707
-0.0000000302039037579242
-0.0000000289132707278848
-0.0000000305055316179124
-0.000000029193186918271
-0.0000000308053607359036
-0.0000000294711069041526
-0.0000000311032892993399
-0.0000000297469286208387
-0.00000003139921423869
-0.0000000300205482844542
-0.0000000316930305756319
-0.0000000302918604479949
-0.0000000319846321933761
-0.0000000305607588380647
-0.0000000322739115294329
-0.0000000308271354515955
-0.0000000325607592708419
-0.0000000310908805737719
-0.0000000328450651764878
-0.0000000313518832210883
-0.0000000331267168382108
-0.0000000316100307336846
-0.0000000334056005332649
-0.0000000318652091589391
-0.0000000336816014321676
-0.0000000321173029969878
-0.0000000339546022936652
-0.0000000323661946151078
-0.0000000342244849415464
-0.0000000326117656550517
-0.0000000344911294136028
-0.0000000328538951966165
-0.0000000347544143089295
-0.0000000330924617299206
-0.0000000350142162766735
-0.0000000333273412514839
-0.0000000352704103090837
-0.0000000335584085967005
-0.0000000355228701131915
-0.0000000337855365984973
-0.0000000357714672179663
-0.0000000340085969711979
-0.0000000360160719059585
-0.0000000342274585166989
-0.0000000362565523311663
-0.000000034441989935729
-0.0000000364927752521403
-0.0000000346520569423794
-0.0000000367246052599414
-0.0000000348575238295789
-0.0000000369519055007641
-0.0000000350582530450704
-0.0000000371745371757795
-0.0000000352541055561275
-0.0000000373923600241598
-0.0000000354449400892773
-0.0000000376052309252184
-0.0000000356306136334026
-0.0000000378130058176815
-0.0000000358109814278104
-0.0000000380155386487821
-0.0000000359858966590541
-0.0000000382126812213849
-0.0000000361552108582539
-0.0000000384042836685327
-0.0000000363187732652511
-0.0000000385901935100744
-0.0000000364764312853583
-0.0000000387702570069578
-0.0000000366280305837826
-0.0000000389443181829408
-0.0000000367734144726411
-0.0000000391122191130236
-0.0000000369124243398055
-0.0000000392737996667735
-0.0000000370448994509819
-0.0000000394288978629793
-0.0000000371706775561322
-0.0000000395773494328551
-0.0000000372895934769162
-0.0000000397189878391119
-0.0000000374014804404672
-0.000000039853645014661
-0.0000000375061693021373
-0.0000000399811502398885
-0.0000000376034888458472
-0.0000000401013306746795
-0.0000000376932664802316
-0.0000000402140112074302
-0.0000000377753251808766
-0.0000000403190153367033
-0.0000000378494880851724
-0.0000000404161625395207
-0.0000000379155746068701
-0.0000000405052719986804
-0.0000000379734027327351
-0.0000000405861591638096
-0.0000000380227875098425
-0.0000000406586380505684
-0.0000000380635419744462
-0.0000000407225193010406
-0.0000000380954766922484
-0.0000000407776123975344
-0.0000000381183999495196
-0.0000000408237238019822
-0.0000000381321171587899
-0.0000000408606573257701
-0.0000000381364319247114
-0.000000040888214636847
-0.0000000381311451249152
-0.0000000409061949176519
-0.0000000381160549415129
-0.0000000409143946999078
-0.0000000380909573764326
-0.0000000409126081934939
-0.0000000380556457948805
-0.0000000409006265590717
-0.0000000380099107058509
-0.0000000408782393201706
-0.0000000379535402226192
-0.0000000408452319319947
-0.0000000378863197843865
-0.0000000408013881469941
-0.0000000378080320020486
-0.000000040746489872861
-0.0000000377184576527072
-0.0000000406803142260173
-0.0000000376173733212392
-0.000000040602637106969
-0.0000000375045536778781
-0.0000000405132310796887
-0.0000000373797710764762
-0.0000000404118658956286
-0.0000000372427943795627
-0.0000000402983089291967
-0.0000000370933893709121
-0.0000000401723247241731
-0.000000036931319593649
-0.0000000400336740864474
-0.0000000367563451140209
-0.0000000398821152491396
-0.0000000365682239079574
-0.0000000397174039011467
-0.0000000363667099023608
-0.0000000395392927372528
-0.0000000361515549343712
-0.0000000393475309346571
-0.0000000359225072684118
-0.0000000391418642144648
-0.0000000356793125748188
-0.0000000389220370922675
-0.0000000354217119735686
-0.0000000386877888597981
-0.0000000351494460003575
-0.0000000384388569889934
-0.0000000348622500159628
-0.0000000381749748475057
-0.0000000345598562167211
-0.0000000378958737302627
-0.0000000342419949762602
-0.0000000376012799720827
-0.0000000339083922152265
-0.0000000372909186664343
-0.0000000335587704532071
-0.0000000369645098866019
-0.0000000331928499985039
-0.0000000366217711936051
-0.0000000328103463784432
-0.0000000362624165924684
-0.0000000324109727908314
-0.0000000358861567905013
-0.0000000319944381725841
-0.0000000354926987033267
-0.0000000315604490940938
-0.0000000350817460276943
-0.0000000311087070076914
-0.0000000346529983715884
-0.0000000306389114410589
-0.0000000342061522850575
-0.0000000301507570438898
-0.0000000337409016218464
-0.0000000296439353715991
-0.0000000332569343441834
-0.0000000291181341727442
-0.0000000327539359729442
-0.0000000285730384812409
-0.0000000322315894609039
-0.0000000280083277203878
-0.0000000316895714585353
-0.0000000274236784667198
-0.0000000311275567824228
-0.0000000268187640554727
-0.0000000305452160081858
-0.0000000261932532718156
-0.0000000299422150232322
-0.0000000255468106874651
-0.00000002931821657298
-0.0000000248790978858668
-0.0000000286728789534731
-0.0000000241897711480249
-0.0000000280058574184652
-0.0000000234784842397451
-0.0000000273168014612156
-0.0000000227448856626229
-0.0000000266053577541738
-0.0000000219886204986541
-0.0000000258711693893679
-0.0000000212093291133055
-0.0000000251138734909449
-0.000000020406647743641
-0.0000000243331038377814
-0.0000000195802091335564
-0.0000000235284907821411
-0.0000000187296407140403
-0.0000000226996589540795
-0.0000000178545662428809
-0.0000000218462293767375
-0.0000000169546053765123
-0.0000000209678184788292
-0.000000016029371055111
-0.0000000200640383195674
-0.0000000150784757417265
-0.0000000191344967142698
-0.0000000141015241678398
-0.0000000181787965900942
-0.0000000130981175968619
-0.0000000171965364767056
-0.0000000120678530221604
-0.0000000161873098308157
-0.0000000110103215183005
-0.0000000151507059281478
-0.00000000992511077978118
-0.0000000140863090897589
-0.00000000881180327482416
-0.0000000129936992869837
-0.00000000766997739562993
-0.0000000118724513121302
-0.00000000649920477848498
-0.0000000107221350978786
-0.0000000052990539727748
-0.00000000954231505415371
-0.00000000406908796129797
-0.00000000833255208562733
-0.00000000280886436884605
-0.00000000709240083240444
-0.00000000151793651844846
-0.00000000582141141213865
-0.000000000195852564499412
-0.00000000451912917637972
0.00000000115784564586359
-0.00000000318509269941574
0.00000000254361987225581
-0.00000000181883689710718
0.00000000396193831646761
-0.000000000419891639063144
0.00000000541327391117472
0.00000000101221968657059
0.00000000689810523147561
0.00000000247797878415598
0.00000000841691553450983
0.00000000397787180327521
0.00000000997019420630313
0.00000000551239196848467
0.000000011558436085275
0.00000000708203684777714
0.0000000131821425769941
0.00000000868730997963595
0.0000000148418180832293
0.0000000103287204088026
0.000000016537975005901
0.0000000120067837553198
0.0000000182711308518653
0.0000000137220191129129
0.0000000200418083996306
0.0000000154749545671977
0.0000000218505372340217
0.0000000172661216433987
0.0000000236978522924809
0.0000000190960589411021
0.0000000255842938620621
0.0000000209653096786947
0.0000000275104096452416
0.0000000228744256403542
0.0000000294767514233402
0.0000000248239625797875
0.000000031483879314161
0.000000026814482456055
0.0000000335323591858753
0.0000000288465551609016
0.0000000356227617076747
0.0000000309207547045651
0.0000000377556648339619
0.0000000330376631830027
0.0000000399316533341116
0.0000000351978681855152
0.0000000421513182842843
0.000000037401964172061
0.000000044415256234777
0.0000000396505513484753
0.0000000467240713912422
0.0000000419442382398344
0.0000000490783738758793
0.0000000442836376890067
0.0000000514787812468766
0.0000000466693709723535
0.0000000539259172216116
0.0000000491020660535411
0.0000000564204128901816
0.000000051582356604591
0.0000000589629050870993
0.0000000541108843573814
0.0000000615540398124245
0.0000000566882981921978
0.0000000641944666788011
0.0000000593152522457063
0.0000000668848462757157
0.0000000619924098437026
0.0000000696258440159383
0.0000000647204404017152
0.0000000724181314378537
0.0000000675000210115543
0.0000000752623912378117
0.0000000703318359287853
0.0000000781593097660326
0.0000000732165760279059
0.0000000811095823159789
0.0000000761549414033815
0.0000000841139124070023
0.0000000791476380266651
0.0000000871730089005487
0.0000000821953800667998
0.0000000902875908403549
0.0000000852988899085782
0.0000000934583839932358
0.0000000884588961691049
0.0000000966861197906581
0.0000000916761378380811
0.0000000999715413177506
0.0000000949513582438646
0.000000103315398188043
0.0000000982853124569398
0.000000106718445303101
0.000000101678761177266
0.000000110181450060544
0.000000105132473524729
0.000000113705186166137
0.000000108647227939831
0.000000117290432193337
0.000000112223809093876
0.000000120937982130984
0.000000115863012049602
0.000000124648632278472
0.000000119565638870113
0.000000128423188684593
0.000000123332501373018
0.000000132262468368663
0.000000127164418841706
0.000000136167295183746
0.000000131062220242501
0.000000140138500015828
0.000000135026742482123
0.000000144176927232475
0.000000139058829932031
0.000000148283426011826
0.000000143159339761496
0.000000152458854587028
0.000000147329135017371
0.00000015670408258966
0.000000151569088194346
0.000000161019986718795
0.000000155880081590356
0.000000165407454769792
0.000000160263006358835
0.000000169867381530295
0.000000164718763054237
0.00000017440067379044
0.000000169248262033011
0.000000179008245151548
0.000000173852422377211
0.000000183691020096443
0.000000178532173785117
0.00000018844993265315
0.000000183288454252417
0.000000193285926751236
0.000000188122212166398
0.000000198199956670375
0.000000193034406850641
0.000000203192984301195
0.000000198026005437392
0.000000208265984402082
0.000000203097988170412
0.000000213419939521521
0.000000208251341577047
0.000000218655844213875
0.000000213487063709691
0.000000223974702555136
0.000000218806165092749
0.00000022937752680235
0.000000224209666235843
0.00000023486534377497
0.000000229698594405324
0.00000024043918941495
0.000000235273992173929
0.000000246100107295612
0.000000240936908176871
0.00000025184915635842
0.000000246688405916682
0.00000025768740288055
0.00000025252955841315
0.00000026361592556563
0.000000258461448306479
0.000000269635815175995
0.000000264485172645137
0.000000275748171222629
0.0000002706018351704
0.000000281954105731139
0.000000276812553863686
0.000000288254742993366
0.000000283118458537238
0.00000029465121640889
0.000000289520688820974
0.000000301144672893924
0.000000296020395298442
0.000000307736271417193
0.00000030261874371389
0.000000314427180609016
0.000000309316906905108
0.000000321218582198474
0.000000316116074453
0.000000328111670626261
0.000000323017444484305
0.000000335107650859428
0.000000330022228443763
0.000000342207741193548
0.000000337131650474073
0.000000349413171720738
0.000000344346946669929
0.000000356725184655415
0.000000351669364780249
0.000000364145036632588
0.000000359100166272838
0.00000037167399509165
0.000000366640625168527
0.000000379313339120725
0.0000003742920284218
0.000000387064363280069
0.00000038205567472217
0.000000394928374708901
0.000000389932877146186
0.000000402906692787445
0.000000397924961368342
0.000000411000650667891
0.000000406033266750626
0.000000419211593282485
0.000000414259144923624
0.000000427540881679614
0.000000422603962568611
0.000000435989888723651
0.000000431069098722606
0.000000444560001122108
0.000000439655947929182
0.000000453252620782669
0.000000448365917127764
0.000000462069162291426
0.000000457200425995988
0.000000471011054739256
0.000000466160912842046
0.000000480079740835082
0.000000475248824885936
0.000000489276678424008
0.000000484465628279807
0.000000498603339585569
0.000000493812801420481
0.000000508061211986889
0.000000503291837046143
0.000000517651795386279
0.000000512904243190181
0.000000527376609010312
0.000000522651543362838
0.000000537237180275606
0.00000053253527704843
0.000000547235058457536
0.000000542556996459456
0.000000557371805052365
0.000000552718270084883
0.000000567648997886694
0.000000563020684853363
0.000000578068229689018
0.000000573465837293885
0.000000588631108319494
0.000000584055345418675
0.000000599339258855636
0.000000594790841195029
0.000000610194321476753
0.000000605673970746748
0.000000621197954165004
0.000000616706400071779
0.000000632351829091284
0.000000627889808103382
0.000000643657634667865
0.000000639225892466617
0.000000655117080520429
0.000000650716366516697
0.000000666731884637264
0.000000662362960793861
0.000000678503790078435
0.000000674167423012604
0.000000690434554355725
0.000000686131517061108
0.000000702525948617398
0.000000698257025556292
0.000000714779766558947
0.000000710545748174894
0.000000727197816939241
0.000000722999499979147
0.000000739781926079128
0.000000735620117229331
0.000000752533938669526
0.000000748409452354848
0.000000765455717496306
0.000000761369376380355
0.000000778549144005986
0.000000774501776805834
0.000000791816115878905
0.000000787808563244828
0.000000805258552580286
0.00000080129166027047
0.000000818878389363853
0.000000814953013151953
0.000000832677582374835
0.000000828794585099764
0.000000846658106617282
0.000000842818359453547
0.000000860821954256332
0.000000857026340018898
0.000000875171138494497
0.000000871420546414209
0.000000889707693632688
0.000000886003019884057
0.000000904433670416005
0.00000090077582378362
0.000000919351141837294
0.000000915741037722814
0.000000934462201897932
0.000000930900761486751
0.000000949768960839068
0.000000946257121437363
0.000000965273552114646
0.000000961812257637846
0.000000980978132306409
0.000000977568331671713
0.000000996884875996457
0.000000993527530335669
0.00000101299597666438
0.00000100969205790238
0.00000102931365337394
0.00000102606414194401
0.00000104584014475968
0.00000104264603018503
0.0000010625777112775
0.00000105943999256131
0.00000107952863808127
0.00000107644832148331
0.00000109669522421266
0.00000109367333204391
0.0000011140798011478
0.00000111111735811879
0.00000113168471575778
0.00000112878276237916
0.00000114951234012832
0.00000114667192447265
0.00000116756507234753
0.00000116478725045413
0.00000118584532789011
0.00000118313117028746
0.00000120435554607478
0.0000012017061329663
0.00000122309819607751
0.00000122051461542055
0.00000124207576485089
0.00000123955911631496
0.00000126129076612798
0.00000125884215924857
0.00000128074573561841
0.00000127836629434975
0.00000130044323606117
0.00000129813408971442
0.00000132038585414056
0.00000131814814509758
0.0000013405762008123
0.0000013384110843182
0.000001361016910795
0.00000135892555200488
0.00000138171064905676
0.00000137969422125843
0.00000140266010190567
0.00000140071979380052
0.00000142386798057123
0.00000142200499106783
0.00000144533702872556
0.00000144355256713153
0.00000146707000942819
0.00000146536529777818
0.00000148906971492201
0.00000148744598718296
0.00000151133896808009
0.00000150979746720904
0.00000153388061157277
0.00000153242259606015
0.00000155669752267822
0.00000155532426023862
0.00000157979260178923
0.00000157850537359679
0.00000160316877695424
0.00000160196887893927
0.00000162682900864456
0.00000162571774376058
0.00000165077628199879
0.00000164975496934637
0.00000167501361133481
0.00000167408358160828
0.00000169954404300774
0.00000169870663881297
0.00000172437064839068
0.00000172362722709039
0.00000174949652942022
0.00000174884846041618
0.0000017749248221145
0.00000177437348666515
0.00000180065868515676
0.00000180020548238096
0.00000182670131493781
0.00000182634764868269
0.00000185305593684329
0.00000185280322903708
0.00000187972579962274
0.00000187957549154481
0.00000190671419635773
0.00000190666773165988
0.00000193402444083275
0.00000193408328650499
0.00000196165988216048
0.00000196182551492604
0.00000198962390645062
0.00000198989781415951
0.00000201791992358445
0.0000020183036175344
0.00000204655138298107
0.00000204704637839958
0.00000207552176669042
0.00000207612959901492
0.00000210483457998381
0.00000210555680753127
0.00000213449338335232
0.00000213533155163815
0.00000216450175702037
0.00000216545745024177
0.00000219486328911459
0.00000219593814049565
0.00000222558165831192
0.00000222677724614073
0.00000225666057376665
0.00000225797848267007
0.00000228810371742206
0.00000228954561912145
0.0000023199148410979
0.00000232148240525767
0.00000235209776702596
0.00000235379264504714
0.0000023846563075584
0.00000238648019723729
0.00000241759433064279
0.00000241954893568545
0.00000245091574818645
0.00000245300277822
0.00000248462448837077
0.00000248684569190546
0.00000251872453935809
0.00000252108166147948
0.0000025532199182729
0.00000255571472654222
0.00000258811467321751
0.00000259074895909977
0.00000262341290474
0.00000262618846800089
0.00000265911874697755
0.00000266203740637758
0.00000269523636917448
0.0000026982999658998
0.00000273176998947916
0.00000273498037521395
0.00000276872386011683
0.0000027720829088041
0.00000280610227356347
0.00000280961187751145
0.0000028439095701594
0.00000284757163449414
0.00000288215012599985
0.00000288596658012594
0.00000292082836149265
0.00000292480114776175
0.00000295994873675701
0.00000296407982101586
0.00000299951575721235
0.00000300380712425419
0.00000303953397398489
0.00000304398761984829
0.00000308000797818101
0.00000308462592480929
0.00000312094240249517
0.00000312572669172048
0.00000316234193213388
0.00000316729462095205
0.00000320421128807377
0.00000320933445739778
0.00000324655524594571
0.00000325185099189094
0.00000328937862186111
0.00000329484906098156
0.00000333268627243079
0.00000333833354951692
0.00000337648311115237
0.00000338230938433506
0.0000034207740992262
0.00000342678154363673
0.00000346556423257165
0.00000347175505308996
0.0000035108585688316
0.00000351723498429342
0.00000355666220667378
0.00000356322646098687
0.00000360298029367801
0.00000360973465235998
0.00000364981803216414
0.00000365676477919855
0.00000369718066967743
0.00000370432211177374
0.00000374507350529198
0.00000375241197272105
0.00000379350188616849
0.00000380103973302961
0.00000384247121600883
0.00000385021081453291
0.00000389198694662894
0.00000389993069216083
0.00000394205458483911
0.00000395020489729099
0.00000399267968550408
0.00000400103900907916
0.00000404386785908861
0.00000405243865881355
0.0000040956247738721
0.00000410440953814417
0.00000414795614322619
0.00000415695738896143
0.00000420086774579469
0.00000421008800652239
0.00000425436541008185
0.00000426380724520576
0.0000043084550156989
0.00000431812101508473
0.00000436314250907991
0.00000437303527802555
0.00000441843388199761
0.0000044285560610897
0.00000447433519304481
0.00000448468943957188
0.00000453085255688886
0.00000454144155320693
0.0000045879921384453
0.00000459881860023149
0.00000464576017268296
0.00000465682683259813
0.00000470416294666124
0.00000471547256913127
0.00000476320680853115
0.00000477476218364126
0.00000482289817423811
0.00000483470211220269
0.00000488324350699203
0.00000489529885326198
0.0000049442493420137
0.00000495655896697667
0.00000500592227677747
0.00000501848907406265
0.00000506826896718553
0.00000508109586173479
0.00000513129613474024
0.00000514438607613586
0.00000519501056351946
0.00000520836653059415
0.00000525941910304508
0.00000527304410564943
0.00000532452866885862
0.00000533842574033218
0.00000539034624391628
0.0000054045184455572
0.00000545687886726139
0.00000547132929833024
0.0000055241336557881
0.00000553886543720777
0.00000559211779440949
0.00000560713407645843
0.00000566083852771186
0.00000567614249356013
0.00000573030317452337
0.00000574589803548487
0.00000580051912212073
0.0000058164081191182
0.00000587149382673248
0.00000588768023291624
0.00000594323481493354
0.00000595972193493383
0.00000601574968832649
0.00000603254085261998
0.00000608904611277486
0.00000610614468844153
0.00000616313183467123
0.00000618054121739811
0.00000623801466648557
0.00000625573828615862
0.00000631370249869051
0.00000633174381817352
0.00000639020329646913
0.00000640856580776111
0.00000646752509540877
0.00000648621232461544
0.00000654567601221049
0.0000065646915166249
0.00000662466423417978
0.00000664401160950547
0.00000670449803372922
0.00000672418089925105
0.00000678518575020176
0.00000680520776937895
0.00000686673580852006
0.00000688710067557345
0.00000694915671061647
0.00000696986814985879
0.00000703245703881331
0.00000705351881535824
0.00000711664545235836
0.00000713806136312538
0.00000720173069494365
0.00000722350457003414
0.00000728772159128055
0.00000730985729901986
0.00000737462704582257
0.00000739712848968658
0.00000746245604976848
0.00000748532716967828
0.00000755121767452907
0.00000757446244579414
0.00000764092107673999
0.00000766454351144506
0.00000773157549788178
0.00000775557964591268
0.00000782319026822744
0.0000078475802150545
0.00000791577479913587
0.00000794055466745714
0.00000800933859278701
0.00000803451254577497
0.00000810389123874925
0.00000812946347332219
0.00000819944241213103
0.00000822541716783409
0.00000829600188139632
0.00000832238343152177
0.00000839357949986857
0.00000842037216359332
0.00000849218521804581
0.00000851939334746057
0.00000859182907141415
0.00000861945706360161
0.00000869252119122293
0.00000872057347637968
0.00000879427180228902
0.00000882275285171231
0.00000889709121579225
0.00000892600554890545
0.00000900098984759604
0.00000903034201594093
0.00000910597820208048
0.00000913577279683067
0.00000921206687653692
0.00000924230854025502
0.00000931926657077212
0.00000934995998140531
0.00000942758808139921
0.00000945873795304761
0.00000953704229628198
0.00000956865339662253
0.00000964764020787157
0.00000967971733805132
0.00000975939290703176
0.00000979194091262032
0.00000987231158123576
0.00000990533535431816
0.00000998640752348309
0.0000100199119975052
0.0000101016921233849
0.0000101356822724628
0.0000102181768760546
0.0000102526577212709
0.0000103358733796634
0.0000103708499837893
0.0000104547933325952
0.0000104902708041517
0.0000105749485384522
0.0000106109320320779
0.000010696350910991
0.000010732845623588
0.0000108190124634367
0.0000108560236383029
0.0000109429453165634
0.0000109804782423083
0.0000110681617046486
0.0000111062217133982
0.0000111946739584512
0.0000112332664315927
0.0000113224945284993
0.0000113616248937981
0.0000114516359695602
0.0000114913096980065
0.0000115821109480026
0.0000116223335566899
0.0000117139322375711
0.0000117547092946669
0.0000118471127274263
0.000011888449847902
0.0000119816654178721
0.000012023568262747
0.0000121176034227667
0.0000121600777004026
0.0000122549399665425
0.000012297991436422
0.0000123936883957616
0.0000124373228597939
0.0000125338621633607
0.0000125780854767365
0.0000126754748400772
0.0000127202929073323
0.0000128185401206478
0.0000128639588908783
0.0000129630718042567
0.0000130090972808774
0.0000131090838196042
0.000013155722052373
0.000013256590209259
0.0000133038472973531
0.0000134056051332789
0.000013453487226513
0.0000135561428734399
0.0000136046561749014
0.0000137082178358696
0.0000137573685915277
0.0000138618445396295
0.0000139116390552123
0.0000140170376338535
0.0000140674822610302
0.0000141738118891449
0.0000142249130265166
0.0000143321821913232
0.0000143839462962744
0.0000144921635619039
0.0000145445971395587
0.0000146537711358628
0.0000147068807447553
0.0000148170201858483
0.0000148708124334688
0.0000149819260988104
0.0000150364076453075
0.0000151485043928028
0.0000152036819530951
0.0000153167707153105
0.0000153726510523398
0.0000154867408367144
0.0000155433307698926
0.0000156584306621282
0.0000157157370594054
0.0000158318562155717
0.0000158898860015772
0.0000160070336616485
0.0000160657938106773
0.000016183979287487
0.0000162434768299492
0.0000163627095155131
0.0000164229515303301
0.0000165432408944857
0.0000166042345160999
0.0000167255901074204
0.000016787342530816
0.0000169097739714628
0.000016972292434
0.0000170958094341123
0.0000171591012293779
0.000017283713577907
0.000017347786057436
0.0000174735036144047
0.0000175383641800009
0.0000176651968970933
0.0000177308530006774
0.000017858810906714
0.0000179252700624324
0.000018054363262646
0.0000181216330368105
0.0000182518717214738
0.0000183199597284679
0.0000184513541757296
0.0000185202680855609
0.000018652828648092
0.0000187225761888182
0.000018856313304699
0.0000189269022544854
0.0000190618264463685
0.0000191332646419804
0.0000192693865172857
0.0000193416818415229
0.0000194790120874802
0.0000195521724841515
0.0000196907218767447
0.0000197647553414831
0.0000199045347367132
0.0000199794493186185
0.0000201204696622633
0.0000201962734624348
0.0000203385457863851
0.0000204152469606074
0.0000205587823786789
0.000020636389137579
0.0000207811988521293
0.000020859719458222
0.0000210058147569886
0.0000210852575293936
0.0000212326497853248
0.0000213130230953217
0.0000214617237725876
0.0000215430360379833
0.0000216930566885874
0.0000217753163863979
0.0000219266686493483
0.0000220098843071881
0.0000221625799032485
0.0000222467601067285
0.0000224008108514116
0.0000224859642311858
0.0000226413820288498
0.0000227275172703191
0.0000228843141104781
0.0000229714399545452
0.000023129627917393
0.0000232177531499441
0.0000233773444097865
0.0000234664778697888
0.0000236274846852438
0.0000237176352683327
0.0000238800699870422
0.0000239712466353451
0.0000241351216977829
0.00002422733340032
0.000024392661340838
0.0000244859171436746
0.0000246527105794197
0.0000247470195743201
0.0000249152912188462
0.0000250106625469971
0.0000251804252049215
0.0000252768680589336
0.0000254481346212927
0.0000255456582368992
0.0000257184416903677
0.0000258170553591548
0.0000259913687844235
0.000026091081837495
0.0000262669384000694
0.0000263677602218113
0.0000265451731801537
0.0000266471132003158
0.0000268260959084637
0.0000269291635980564
0.0000271097295045073
0.000027213934386048
0.0000273960970191517
0.0000275014486581087
0.0000276852216538572
0.0000277917296567668
0.0000279771267346165
0.0000280848007546188
0.0000282718357251649
0.0000283806854620605
0.0000285693722331128
0.0000286794074201958
0.0000288697599883103
0.0000289809904069127
0.0000291730228660727
0.0000292854583328218
0.0000294791848651855
0.000029592835245781
0.0000297882701242176
0.0000299031453156323
0.0000301003029089475
0.000030216412846105
0.0000304153076182783
0.0000305326622784584
0.0000307333087784674
0.0000308519181709291
0.000031054331045515
0.0000311742052195901
0.0000313783992062821
0.0000314995482457457
0.0000317055381673553
0.0000318279721860131
0.0000320357729692875
0.0000321595021129339
0.000032369128767904
0.0000324941632198282
0.0000327056308521715
0.0000328319808195669
0.0000330453046265595
0.0000331729803464678
0.0000333881756141845
0.0000335171873592264
0.0000337342694596011
0.0000338646275228863
0.000034083611931232
0.0000342153266288729
0.0000344362289015129
0.0000345693105832739
0.000034792146366582
0.0000349266053973513
0.0000351513904334839
0.0000352872372028135
0.0000355139873210863
0.0000356512322337024
0.0000358799633478576
0.0000360186168376658
0.0000362493449573746
0.0000363894174665768
0.0000366221586860188
0.0000367636606751771
0.0000369984311768378
0.0000371413731208463
0.0000373781891772403
0.0000375225815654161
0.0000377614595284525
0.0000379073128552738
0.0000381482691756712
0.0000382955939503506
0.0000385386451544123
0.0000386874518916127
0.0000389326145964044
0.0000390829138137087
0.0000393302047208317
0.0000394820069411741
0.0000397314428353996
0.0000398847585857761
0.0000401363563360515
0.0000402911961353285
0.0000405449726967553
0.0000407013470708125
0.0000409573194733923
0.0000411152389371396
0.0000413734242989753
0.0000415328993630434
0.0000417933148803636
0.0000419543560476661
0.0000422170189985276
0.0000423796367565653
0.0000426445644988075
0.0000428087693186475
0.0000430759792910596
0.0000432417816377413
0.0000435112913507072
0.0000436787016620341
0.0000439505287064598
0.0000441195574038925
0.0000443937194468098
0.0000445643769235233
0.0000448408917066198
0.0000450131883358837
0.0000452920736725361
0.0000454660197928038
0.0000457472935739287
0.000045922899493552
0.0000462065796784821
0.0000463838556677344
0.0000466699602870848
0.0000468489165857555
0.0000471374637408526
0.00004731811054297
0.0000476091184039767
0.000047791465854885
0.000048084952662974
0.0000482690108670428
0.0000485649949208388
0.0000487507739330632
0.0000490492736024365
0.0000492367834205919
0.000049537817133913
0.0000497270677024918
0.0000500306539531795
0.0000502216551481872
0.0000505278124949057
0.000050720574132659
0.0000510293211919259
0.0000512238530192684
0.0000515352084571294
0.0000517315201523674
0.0000520455026997091
0.0000522436038621201
0.0000525602323032768
0.0000527601324494149
0.0000530794256211218
0.0000532811341877769
0.000053603110978212
0.0000538066373187938
0.0000541313166624708
0.0000543366700295763
0.0000546640709153013
0.0000548712604638342
0.0000552014019285562
0.000055410436719973
0.0000557433378335054
0.0000559542268206566
0.000056289906707408
0.0000565026587317102
0.0000568411365487456
0.0000570557603320973
0.0000573970552854513
0.0000576135594390347
0.00005795769076262
0.0000581760837607086
0.0000585230707212267
0.0000587433609221849
0.0000590932228285205
0.0000593154184388567
0.0000596681746232282
0.0000598922837224881
0.0000602479535529581
0.0000604739840606446
0.0000608325869220108
0.000061060546615327
0.000061422101918084
0.0000616519984228061
0.0000620165256009873
0.000062248366358553
0.0000626158848698724
0.000062849677165618
0.0000632202064760533
0.000063455957418592
0.0000638295170119869
0.0000640672335233391
0.0000644438428940871
0.000064683531707956
0.0000650632103597679
0.0000653048780186575
0.0000656876454604
0.0000659312982967448
0.0000663171740403795
0.0000665628181866841
0.0000669518217451936
0.0000671994631109211
0.0000675916139968606
0.0000678412582671943
0.0000682365759831281
0.0000684882286170528
0.0000688867326574371
0.0000691403988730225
0.0000695421087290531
0.0000697977934973654
0.0000702027286370116
0.0000704604366739469
0.0000708686165486744
0.0000711283523111516
0.000071539796358513
0.0000718015640233705
0.0000722162916491844
0.000072480095127876
0.0000728981257096811
0.0000731639686205787
0.0000735853215087052
0.0000738532071672072
0.0000742779016802872
0.0000745478331002741
0.0000749758885154205
0.0000752478683997767
0.0000756793039498583
0.0000759533346712895
0.0000763881695454136
0.0000766642531433061
0.0000771025064902882
0.0000773806446608905
0.0000778223355622975
0.0000781025296508373
0.0000785476771411565
0.0000788299281213839
0.0000792785511772082
0.0000795628596489626
0.0000800149771683951
0.0000803013433543144
0.0000807569741817651
0.0000810453978979599
0.0000815045607989204
0.0000817950414541372
0.0000822577551191205
0.0000825502917023989
0.0000830165747379298
0.0000833111658113735
0.0000837810367373256
0.0000840776804164027
0.000084551157667417
0.0000848498516080062
0.00008532695352819
0.0000856276949129682
0.0000861084397405674
0.0000864112252867974
0.000086895631153192
0.0000872004570692952
0.0000876885420104865
0.0000879954039970625
0.0000884871859261479
0.0000887960791685569
0.0000892915758849587
0.0000896024950242709
0.0000901017242080515
0.0000904146633404826
0.0000909176425364141
0.0000912325951867878
0.000091739341817449
0.000092056300933578
0.0000925668322795713
0.0000928857902087994
0.0000934001234106727
0.0000937210718913769
0.0000942392239447515
0.0000945621540834847
0.0000950841418262315
0.000095409044092363
0.0000959348842049595
0.0000962617483941454
0.0000967914574051609
0.0000971202726438091
0.0000976538669002978
0.0000979846216145835
0.0000985221172955897
0.0000988547991954231
0.0000993962123055618
0.0000997308083683134
0.000100276154722858
0.000100612651172735
0.000101161946401458
0.00010150032868606
0.000102053588221703
0.000102393841006275
0.000102951080081243
0.000103293187215647
0.000103854420851682
0.000104198365349363
0.000104763608370386
0.000105109372388939
0.000105678639388187
0.000106026204218793
0.000106599509568187
0.000106948855593818
0.000107526213440368
0.000107877320133577
0.000108458744385697
0.000108811590266712
0.000109397094599726
0.000109751657219468
0.000110341255061577
0.00011069751098303
0.000111291215504401
0.000111649140272602
0.000112246964388749
0.000112606532503697
0.00011320848887606
0.000113569673768913
0.000114175774779752
0.000114538548787024
0.000115148806548496
0.000115513140880157
0.00011612756722596
0.000116493431943618
0.000117112038417542
0.000117479402404045
0.00011810220026458
0.000118471031184246
0.000119098031393916
0.000119468295675252
0.000120099508891458
0.000120471171694942
0.000121106608270245
0.000121479633444704
0.000122119303423152
0.000122493653489044
0.000123137566588722
0.000123513202695614
0.000124161368318241
0.000124538250213456
0.000125190677434933
0.000125568763421032
0.000126225460983768
0.000126604707893891
0.00012726568420455
0.000127646047364583
0.000128311310483807
0.000128692743664065
0.000129362301313604
0.000129744756701133
0.000130418616251876
0.000130802044401536
0.00013148021286986
0.00013186456267259
0.000132547046718254
0.000132932265353857
0.000133619071277337
0.000134005104173247
0.000134696237909174
0.000135083028696568
0.000135778495816024
0.000136165986278894
0.000136865791986933
0.000137253922020935
0.000137958071149443
0.000138346778721864
0.000139055275718935
0.000139444496809821
0.000140157345763797
0.000140547014307059
0.000141264218929882
0.000141654266789377
0.000142375830399382
0.000142766187290482
0.000143492112847834
0.000143882706287417
0.000144612996375663
0.000145003751631425
0.000145738408451493
0.000146129248484241
0.000146868273866967
0.000147259119275762
0.000148002514674618
0.000148393283621366
0.00014914105013195
0.000149531658293563
0.000150283796633728
0.000150674157134141
0.000151430667666422
0.000151820690995244
0.000152581573731283
0.000152971167697861
0.000153736422292723
0.000154125491945573
0.000154895117708122
0.000155283565260299
0.000156057561171724
0.000156445285928634
0.000157223650635822
0.000157610548923743
0.000158393280754674
0.000158779245830424
0.00015956634281833
0.000159951264798229
0.000160742724670494
0.000161126490440411
0.000161922310645783
0.00016230480377037
0.000163104981500165
0.000163486082145278
0.000164290614336627
0.000164670199169813
0.000165479082524101
0.000165857024619053
0.000166670255634519
0.000167046424369762
0.000167863999349423
0.000168238260312226
0.000169060175398147
0.000169432390279226
0.00017025864146681
0.000170628667949819
0.000171459251127173
0.000171826942768607
0.000172661853739453
0.000173027059867631
0.000173866294382826
0.000174228859973151
0.000175072413765058
0.000175432179303978
0.000176280048135139
0.000176636849506338
0.000177489029194254
0.000177842697537303
0.000178699184010754
0.000179049545585161
0.000179910334920204
0.000180257210962043
0.000181122299444846
0.000181465506022572
0.000182334890185425
0.000182674238034302
0.000183547914742086
0.000183883209112172
0.000184761175598304
0.000185092216094115
0.000185974470039146
0.000186301050434299
0.000187187590035653
0.000187509498103754
0.000188400322152954
0.000188717339481918
0.000189612447442506
0.000189924349230997
0.00019082374133782
0.000191130296208916
0.000192033973538383
0.000192334943319201
0.000193242907926867
0.000193538047423083
0.000194450302413857
0.000194739359209634
0.000195655908872581
0.00019593862306352
0.000196859472991538
0.000197135576952669
0.000198060734173191
0.000198329952300816
0.00019925942541036
0.000199521473851947
0.000200455273173687
0.000200709859536654
0.000201647997276281
0.00020189482034871
0.000202837310764583
0.000203076060201435
0.000204022919790903
0.000204253275787592
0.000205204523469084
0.000205426156436617
0.000206381813773266
0.000206594383971189
0.000207554475386027
0.0002077576325574
0.000208722185571188
0.00020891556856301
0.00020988461404366
0.000210067850389115
0.000211041422828824
0.000211214128319642
0.00021219226612048
0.000212354044368024
0.00021333679015044
0.000213487232103402
0.000214474633040156
0.000214613316488493
0.000215605424656294
0.000215731913711084
0.000216728786467922
0.000216842631007593
0.000217844331402886
0.000217945066482799
0.000218951663685273
0.000219038808951083
0.000220050378702868
0.000220123437704927
0.000221140062841434
0.000221198522380413
0.00022222029334288
0.000222263622722935
0.000223290638133143
0.000223318288414033
0.00022435065568546
0.000224362058859293
0.000225399894850875
0.00022539446298346
0.000226437894701644
0.000226415019016078
0.000227464184376168
0.000227423234289048
0.000228478282917088
0.000228418605002968
0.000229479699101561
0.000229400616001065
0.000230467931293303
0.00023036874053944
0.000231442467277028
0.000231322440056897
0.000232402784091503
0.000232261163925482
0.000233348347877435
0.000233184349191863
0.00023427861371114
0.000234091420334297
0.000235193025452687
0.000234981788995804
0.000236091015573072
0.000235854853703088
0.00023697200502486
0.00023670999960471
0.000237835403072362
0.000237546598165873
0.0002386806071366
0.000238364006892208
0.000239507002674604
0.000239161569010038
0.000240313963019946
0.000239938613158619
0.000241100849248068
0.000240694453062834
0.000241867010074474
0.000241428387206515
0.00024261178169503
0.000242139698469892
0.000243334487721948
0.000242827653786352
0.000244034439048929
0.000243491503758648
0.000244710933789602
0.000244130482272419
0.00024536325719526
0.000244743806101905
0.000245990681608072
0.000245330674470427
0.00024659246643125
0.000245890268636861
0.000247167858107559
0.000246421751412118
0.000247716090148796
0.000246924266699552
0.000248236383171706
0.00024739693897558
0.000248727944993056
0.000247838872761093
0.000249189970735764
0.000248249152058456
0.000249621643000724
0.00024862683977171
0.000250022132105334
0.000248970977051677
0.000250390596333683
0.000249280582645506
0.000250726182306561
0.000249554652170827
0.00025102802540143
0.000249792157345928
0.000251295250284109
0.000249992045166774
0.000251526971531771
0.000250153237009137
0.000251722294376795
0.000250274627648661
0.000251880315610571
0.000250355084232928
0.000252000124621307
0.000250393445091645
0.000252080804649334
0.000250388518464583
0.000252121434253867
0.000250339081097719
0.000252121089013367
0.000250243876673934
0.000252078843556055
0.000250101614032283
0.000251993773900514
0.000249910965209357
0.000251864960245286
0.000249670563183136
0.000251691490190837
0.00024937899930568
0.00025147246254204
0.000249034820403532
0.000251206991765263
0.000248636525356991
0.000250894213229523
0.000248182561203658
0.000250533289351294
0.000247671318549992
0.000250123416871348
0.000247101126176352
0.000249663835426038
0.000246470244662392
0.00024915383769841
0.000245776858824388
0.000248592781490696
0.000245019068612875
0.000247980104102102
0.000244194878170621
0.00024731533949495
0.000243302182574581
0.000246598138934664
0.000242338751623853
0.000245828295868829
0.000241302209943662
0.000245005776037179
0.000240190012409354
0.000244130754154374
0.000238999413538033
0.000243203658832821
0.000237727429162825
0.000242225227927557
0.000236370788070826
0.000241196577193636
0.00023492587058323
0.000240119286098383
0.000233388629903027
0.000238995505896197
0.000231754490633269
0.000237828096989164
0.000230018216733404
0.00023662080510659
0.000228173738112724
0.000235378489646103
0.000226213920798487
0.000234107422937173
0.000224130259067633
0.000232815687180327
0.000221912458374175
0.000231513708046818
0.00021954786334731
0.00023021498230818
0.000217020662610099
0.00022893708578808
0.000214310766600546
0.000227703093878902
0.000211392197278121
0.000226543621783576
0.000208230733871206
0.000225499816674491
0.000204780397802668
0.00022462784915311
0.0002009780781907
0.000224005833018715
0.000196735088728682
0.00022374480444487
0.000191923485993338
0.000224006737175753
0.000186353089962153
0.0002250352739777
0.00017973124134432
0.00022721059306294
0.000171588764368353
0.000231152823111687
0.00016113546129021
0.000237930211533168
0.000146956925984582
0.0002495137141569
0.000126318044128091
0.000269878217241633
0.0000933631160416666
0.000308062317682416
0.0000336582666046075
0.00038846363050733
-0.0000966855665452542
0.000597190325390255
-0.000487587967398913
0.00143332733486395
-0.00291048391531262
0.0159227513199495
0.231028180761404
0.207669733482763
0.167409138586035
0.142612683875756
0.121001404658724
0.106147032734895
0.0937450628755485
0.085013320801593
0.0777477766338067
0.0725916831585684
0.068249570944185
0.0651575202611659
0.0624913332757191
0.0605856157309046
0.0588844760925443
0.0576591928696291
0.0565161504835
0.0556807376533893
0.0548622069184129
0.0542501621084467
0.053621786887821
0.0531378869902825
0.0526222249564245
0.0522121250855143
0.051764427938487
0.0513971906527103
0.0509915180608322
0.0506495884744809
0.0502708366488927
0.0499442971012714
0.0495836176184999
0.0492668988654992
0.0489190628519708
0.0486090638935383
0.0482709435030476
0.0479659584000905
0.0476356505703922
0.0473347571189502
0.0470110769075321
0.0467137893420406
0.0463959761715847
0.0461020485925061
0.0457895953276599
0.0454989110158666
0.0451914640342398
0.0449039735879101
0.0446012739830271
0.044316961116968
0.0440188098072787
0.0437376727545564
0.0434439095449282
0.0431659512023919
0.0428764420340539
0.0426016649630307
0.0423162940044106
0.042044698090765
0.0417633627177743
0.041494944258442
0.0412175517809145
0.0409523033102139
0.0406787687703864
0.0404166792481782
0.0401469238903348
0.0398879790475971
0.0396219292178485
0.0393661119521355
0.0391036982814633
0.0388509890482083
0.0385921458276513
0.0383425230023599
0.0380871876926859
0.0378406278945524
0.0375887407329961
0.0373452191083442
0.0370967227875285
0.0368562132552734
0.0366110526571773
0.0363735281201313
0.0361316500930109
0.0358970826192263
0.0356584357887667
0.0354267967669807
0.0351913313750948
0.0349625916480455
0.0347302594142825
0.034504389393133
0.0342751433948541
0.0340521131575372
0.0338259077257371
0.0336056871016179
0.0333824777298796
0.0331650363727847
0.0329447796373726
0.0327300870886281
0.0325127405780803
0.0323007663210754
0.0320862885738418
0.0318770020812689
0.0316653525303322
0.0314587233051626
0.0312498622286482
0.0310458598396858
0.0308397483166175
0.0306383424293881
0.0304349422999792
0.03023610270356
0.0300353765333809
0.0298390731637287
0.0296409842113077
0.0294471871714958
0.0292516993589218
0.0290603789367046
0.0288674568228535
0.0286785835059308
0.0284881922619849
0.0283017367511744
0.0281138421382142
0.0279297753588471
0.0277443437072462
0.0275626368189751
0.0273796350094041
0.0272002594146072
0.0270196548604657
0.0268425822114331
0.026664342842565
0.026489545047591
0.0263136392951157
0.0261410885236355
0.0259674853058513
0.0257971539927062
0.0256258227018692
0.0254576835508266
0.0252885940407722
0.0251226200273769
0.0249557426018983
0.0247919069757048
0.0246272123776006
0.0244654886638994
0.0243029480646262
0.0241433100656654
0.0239828950555629
0.0238253168513808
0.0236669994303829
0.02351145537923
0.0233552079480673
0.0232016726865086
0.0230474680383057
0.0228959164810233
0.0227437277933044
0.0225941351326157
0.0224439359596488
0.0222962776648209
0.0221480419303052
0.0220022937465993
0.0218559957366395
0.0217121336842293
0.0215677480406009
0.0214257484132663
0.0212832501269308
0.0211430894906315
0.0210024538954869
0.0208641090867951
0.0207253118536717
0.0205887599780735
0.0204517771089
0.0203169955390045
0.0201818033611938
0.0200487697348544
0.0199153448958614
0.0197840371141803
0.0196523565762287
0.0195227528015265
0.0193927938364933
0.0192648724901978
0.0191366126746371
0.0190103524351141
0.0188837696454417
0.0187591494457752
0.0186342218535678
0.0185112208793136
0.0183879269467296
0.0182665246336197
0.0181448431089504
0.0180250191405606
0.0179049290538841
0.0177866633592906
0.0176681440182385
0.0175514167696526
0.0174344477552628
0.0173192393656369
0.0172038005283155
0.017090091648943
0.0169761631045101
0.0168639346226159
0.0167514967484498
0.0166407297847692
0.0165297632160058
0.016420439122362
0.0163109247482147
0.016203025105107
0.0160949440652053
0.0159884506793702
0.015881784360246
0.0157766792622393
0.0156714092938129
0.0155676747356024
0.015463782987774
0.0153614014403231
0.0152588700196221
0.0151578241704881
0.0150566354167794
0.0149569081677234
0.0148570446509762
0.0147586191155784
0.0146600636327036
0.0145629231339916
0.0144656587057155
0.0143697867738109
0.014273796641614
0.0141791770113836
0.0140844446345028
0.0139910612432306
0.0138975702956919
0.0138054072807646
0.0137131416484717
0.013622183345088
0.0135311271229735
0.0134413580618443
0.0133514955510472
0.0132629004561461
0.0131742161612477
0.0130867799475585
0.0129992585738639
0.0129129663451498
0.0128265927959931
0.0127414298425923
0.0126561892167075
0.0125721410133331
0.0124880186022578
0.0124050708058293
0.0123220520913452
0.0122401905388344
0.0121582611904354
0.0120774718967385
0.0119966177691758
0.0119168869249753
0.0118370940557918
0.0117584080255009
0.0116796626326244
0.0116020079522761
0.0115242964316635
0.0114476598068779
0.0113709687301588
0.0112953370340994
0.0112196531462856
0.0111450134176485
0.0110703236348616
0.0109966630758805
0.0109229544831055
0.0108502604575822
0.0107775203064748
0.0107057803378136
0.0106339960445223
0.0105631978138216
0.0104923569568319
0.0104224883009461
0.0103525786189841
0.0102836275286479
0.0102146369185884
0.0101465915365327
0.0100785080513474
0.0100113566704577
0.00994416851718507
0.00987789957865805
0.00981159511641511
0.00974619720795959
0.00968076494595375
0.0096162267999899
0.00955165539558937
0.00948796588747613
0.00942424414429596
0.00936139229057669
0.0092985091565736
0.00923648411325181
0.00917442867886576
0.0091132197396792
0.00905198123599714
0.00899157783073313
0.00893114562767091
0.0088715373204794
0.00881190092498816
0.00875307741273926
0.00869422646703899
0.00863617757767208
0.00857810185751088
0.00852081754841694
0.00846350696135852
0.00840697731778905
0.00835042190150053
0.00829463713497989
0.00823882705556254
0.0081837775023131
0.00812870305265947
0.00807437917207655
0.00802003077022509
0.0079664231433367
0.00791279133087513
0.0078598906588261
0.00780696609930025
0.00775476320187484
0.00770253667921677
0.00765102249335293
0.00759948491033885
0.00754865048866872
0.00749779286540338
0.00744762937482028
0.00739744284720748
0.00734794156744594
0.00729841738571701
0.00724956970792807
0.0072006992351814
0.00715249666056326
0.00710427137129805
0.00705670550970855
0.00700911698841322
0.00696217955701972
0.00691521949675447
0.00686890231868235
0.00682256251968987
0.00677685752270514
0.00673112989103164
0.00668602910624815
0.0066409056523783
0.00659640121293242
0.00655187405048122
0.00650795819026667
0.00646401953462938
0.00642068458705148
0.00637732675410489
0.00633456515080794
0.00629178055563617
0.00624958482527896
0.00620736598089418
0.00616572874793697
0.00612406826401968
0.00608298224752215
0.00604187282918838
0.00600133084161566
0.00596076528819519
0.00592076023424727
0.00588073143807509
0.00584125631352646
0.00580175725875628
0.00576280514930741
0.00572382891072783
0.0056853929908756
0.00564693273275891
0.00560900626468362
0.00557105523962719
0.00553363157207947
0.00549618311988769
0.0054592556871023
0.00542230323366865
0.00538586555428304
0.0053494026104779
0.00531344828647331
0.00527746844706348
0.00524199116271594
0.00520648810528546
0.00517148162611426
0.00513644911001541
0.00510190728176748
0.00506733914705689
0.00503325589469436
0.00499914606111133
0.0049655153878039
0.00493185785375105
0.00489867383989025
0.00486546268141406
0.00483271948364416
0.00479994885344965
0.00476764070369225
0.0047353048301635
0.00470342603467016
0.00467151922089422
0.00464006415930871
0.00460858078212197
0.00457754390653735
0.00454647841558357
0.00451585424964355
0.00448520116643525
0.00445498430442023
0.00442473822141933
0.0043949233273435
0.0043650789070591
0.0043356607137911
0.00430621268787597
0.00427718599627329
0.00424812916463021
0.00421948884266832
0.00419081807259473
0.00416255905451903
0.00413426927982171
0.00410638656530754
0.00407847278546901
0.00405096143877458
0.00402341871810391
0.00399627386727719
0.00396909733407253
0.00394231417012246
0.00391549901585426
0.00388907279195714
0.00386261427046908
0.0038365403011726
0.00381043372786804
0.00378470738831862
0.00375894813937468
0.00373356486453796
0.00370814837612962
0.00368310366003826
0.00365802542756472
0.00363331482256646
0.00360857039988852
0.00358418951588833
0.00355977451459526
0.00353571901834249
0.0035116291069859
0.00348789472134264
0.00346412562472577
0.0034407081279444
0.00341725562639063
0.00339415085141742
0.0033710107800631
0.00334821461383861
0.00332538286192183
0.00330289124468794
0.00328036375486361
0.00325817267949555
0.00323594544713679
0.0032140509584562
0.00319212003099219
0.00317051822511358
0.00314887970134629
0.00312756672502485
0.00310621675448252
0.00308518880445233
0.00306412358673398
0.0030433769090915
0.00302259269320696
0.0030021235827683
0.00298161666653374
0.00296142146620407
0.00294118819559499
0.00292126329576723
0.00290130006430029
0.00288164190224838
0.00286194515037011
0.00284255020964434
0.00282311642413538
0.00280398123396769
0.00278480694734268
0.00276592808206725
0.00274700987198656
0.00272838395045521
0.00270971843913784
0.00269134212417255
0.00267292597783477
0.00265479597563288
0.0026366259039189
0.00261873896351601
0.0026008117189309
0.00258316463165908
0.00256547700902414
0.00254806660794627
0.00253061544385708
0.00251343860325529
0.00249622077553966
0.00247927441037778
0.00246228683755933
0.00244556790295999
0.00242880754374485
0.00241231303447292
0.0023957768872321
0.00237950383719092
0.00236318893943838
0.00234713442117006
0.00233103784906027
0.00231519897324666
0.00229931784109394
0.00228369175605672
0.00226802321582304
0.00225260710705866
0.00223714834787918
0.00222193943757275
0.00220668768527178
0.00219168323181826
0.00217663574844008
0.0021618330459956
0.00214698712933278
0.00213238350734663
0.00211773649048565
0.00210332931324109
0.00208887856410298
0.0020746652302769
0.00206040815116251
0.00204638609338363
0.00203232012054471
0.00201848680495243
0.0020046094081368
0.00199096233395289
0.00197727101598488
0.00196380771508736
0.00195030001143594
0.0019370180479375
0.00192369152629126
0.00191058849612993
0.0018974407559839
0.00188451428650224
0.00187154295876172
0.00185879070831055
0.00184599345485151
0.00183341311239487
0.00182078762569174
0.00180837691040822
0.00179592091313793
0.00178367757401847
0.00177138881865204
0.00175931063413773
0.00174718690257866
0.00173527168016091
0.00172331078333849
0.00171155635920678
0.00169975613672702
0.00168816037538035
0.00167651869513059
0.00166507948901265
0.0016535942468201
0.00164230951597285
0.00163097863522458
0.00161984632691592
0.00160866775820997
0.0015976858466015
0.00158665756738897
0.00157582405316681
0.0015649440674185
0.00155425697746268
0.00154352331531504
0.00153298070236465
0.0015223914197735
0.00151199136208614
0.0015015445405073
0.00149128514153121
0.00148097888758793
0.00147085827563454
0.00146069072078502
0.00145070704870882
0.00144067634892584
0.00143082779381639
0.00142093212927279
0.00141121689212377
0.00140145446687748
0.0013918707722866
0.00138223981397663
0.00137278590984352
0.00136328466937094
0.00135395882659597
0.00134458557783357
0.00133538609001133
0.00132613912950046
0.00131706431263823
0.00130794195929702
0.00129899015150985
0.00128999074635006
0.00128116030758509
0.00127228221341311
0.00126357152516483
0.00125481312630047
0.00124622059133373
0.00123758029334191
0.00122910433541253
0.00122058056481649
0.00121221962839761
0.00120381083241355
0.00119556338243399
0.0011872680286939
0.00117913255026801
0.00117094912656721
0.00116292412473295
0.00115485113875711
0.00114693513822008
0.00113897111729588
0.00113116266217504
0.00112330615300139
0.00111560380657156
0.00110785337498817
0.00110025571943625
0.00109260995015996
0.00108511558633844
0.00107757308271796
0.00107018062990508
0.00106274001368386
0.00105544810933957
0.00104810802041812
0.00104091531995538
0.00103367441614487
0.00102657959268581
0.00101943654949305
0.00101243829364614
0.0010053918040249
0.000998488823657802
0.00099153759779269
0.000984728617805262
0.000977871382886428
0.000971155144989826
0.000964390644987723
0.00095776590749152
0.000951092902938073
0.0009445584405207
0.000937975708304192
0.000931530311819515
0.000925036644955708
0.000918679121204886
0.000912273328638478
0.000906002500172488
0.000899683406566267
0.000893498111478197
0.00088726455701014
0.000881163648728647
0.000875014488881114
0.000868996835984188
0.000862930941360065
0.000856995427361612
0.000851011683473406
0.000845157206634835
0.000839254513719387
0.000833479986863564
0.000827657259677943
0.000821961609995606
0.000816217777644486
0.00081059994649606
0.000804933952235266
0.000799392894988335
0.000793803696033252
0.000788338381863698
0.000782824949222754
0.000777434360935842
0.000771995679223138
0.000766678813078765
0.00076131388033066
0.000756069745873259
0.000750777573383771
0.000745605193255156
0.00074038480539874
0.000735283215186974
0.000730133649240972
0.000725101897293742
0.000720022203276929
0.000715059350541734
0.000710048591051737
0.000705153710915459
0.000700210960953626
0.000695383139069929
0.000690507485891404
0.000685745820029177
0.000680936362975463
0.000676239962860461
0.000671495813194562
0.000666863800350882
0.000662184081118494
0.000657615588709303
0.000652999434571411
0.000648493607257945
0.000643940164348442
0.000639496158128528
0.000635004583891343
0.000630621565962841
0.000626191029015083
0.000621868177621184
0.000617497857605638
0.000613234361883944
0.000608923449322149
0.000604718509185705
0.000600466205331625
0.000596319031301127
0.000592124548012837
0.000588034361091706
0.000583896920680482
0.000579862952219577
0.000575781787316247
0.00057180327887549
0.000567777632301338
0.000563853835507182
0.000559882960129718
0.000556013136556298
0.000552096295171713
0.000548279716207661
0.000544416181395975
0.000540652128109675
0.000536841182116841
0.000533128945134081
0.00052936987974217
0.000525708759125216
0.00052200087552212
0.000518390180635012
0.000514732789304365
0.000511171838699945
0.000507564259286783
0.000504052380585889
0.000500493941776474
0.000497030471546877
0.000493520510959843
0.000490104794593385
0.000486642658659414
0.000483274050265677
0.000479859094102776
0.00047653695639307
0.000473168543702682
0.000469892247870964
0.000466569750824656
0.000463338676439875
0.000460061475559202
0.000456875010462946
0.000453642494520095
0.00045050003470342
0.000447311600607558
0.000444212550111665
0.000441067602809623
0.000438011373618785
0.000434909325976901
0.000431895337919665
0.000428835610624978
0.000425863291265331
0.000422845312727232
0.000419914097262689
0.000416937303506836
0.000414046634671967
0.000411110469242148
0.000408259797203206
0.000405363711063429
0.000402552493325294
0.000399695944759274
0.000396923646072542
0.000394106100587478
0.000391372192844242
0.000388593123076533
0.00038589708522604
0.000383155970853637
0.000380497288798413
0.000377793616435639
0.000375171782949019
0.00037250504606746
0.000369919560700715
0.000367289259529933
0.000364739628525157
0.00036214526997066
0.000359631006161909
0.000357072103717001
0.000354592726456763
0.000352068800106831
0.000349623835178417
0.000347134411319764
0.000344723390845362
0.000342268002211226
0.000339890464567764
0.000337468650133459
0.000335124139884952
0.000332735444782996
0.00033042351258036
0.000328067488030479
0.000325787690539224
0.000323463893765128
0.000321215793592986
0.000318923787728229
0.000316706953337049
0.00031444630736777
0.000312260312999423
0.00031003060168023
0.000307875027279206
0.000305675831051068
0.000303550262192628
0.000301381167115086
0.000299285194924396
0.000297145792596843
0.000295079013687527
0.000292968901180067
0.000290930917567297
0.000288849697343352
0.000286840116382984
0.00028478739623483
0.000282805830547931
0.000280781223518575
0.000278827290923979
0.000276830415244865
0.000274903738692777
0.000272934217711358
0.000271034425204099
0.000269091887316633
0.000267218611861304
0.000265302690446478
0.000263455569969877
0.00026156590332111
0.000259744580618018
0.000257880811886845
0.000256084934544646
0.000254246711666285
0.000252475932011094
0.000250662907640623
0.000248916882671043
0.000247128714134164
0.000245407105456413
0.000243643454671526
0.000241945928443094
0.000240206461871428
0.000238532688739501
0.000236817077321485
0.000235166732360977
0.000233474651456681
0.000231847414112296
0.000230178543441252
0.00022857409747762
0.000226928121066175
0.000225346154494637
0.000223722760612995
0.00022216296565223
0.000220561846760917
0.000219023919770558
0.000217444772469259
0.000215928413894299
0.000214370938857997
0.000212875853183895
0.000211339755116166
0.000209865650806389
0.000208350638383203
0.000206897227831543
0.000205403013647167
0.000203970013123287
0.000202496313639978
0.000201083443238659
0.00019962997873913
0.000198236962325948
0.000196803456858601
0.000195430022027316
0.000194016203352714
0.000192662081367371
0.000191267680914881
0.000189932606673045
0.00018855735949143
0.000187241071458404
0.000185884716166098
0.000184586956344266
0.000183249235081672
0.000181969748955862
0.00018065040734001
0.000179388943828226
0.000178087730904533
0.000176844042320341
0.000175560710519688
0.000174334552521759
0.000173068857615212
0.000171859989162302
0.000170611690213744
0.000169419873520506
0.000168188732849093
0.000167013733349718
0.000165799516478258
0.000164641102775466
0.000163443578391051
0.000162301522218969
0.000161120462135205
0.000159994538310633
0.000158829717425196
0.000157719703818317
0.000156570900059791
0.000155476577543333
0.000154343571852451
0.000153264724262631
0.000152147300534612
0.000151083714639874
0.000149981659684671
0.00014893312513877
0.000147846228658837
0.00014681253796175
0.000145740592501194
0.000144721540965423
0.000143664341866231
0.000142659727582146
0.0001416170729618
0.000140626696747713
0.000139598387457111
0.000138622052838051
0.000137607892415664
0.000136645405579787
0.000135645200228759
0.000134696369991637
0.000133709928532893
0.000132774566304621
0.000131801700154774
0.000130879619902777
0.000129920143027669
0.000129011161244693
0.000128064890134473
0.000127168825804363
0.000126235579430985
0.000125352253993151
0.000124431853785552
0.000123561091107639
0.000122653360913945
0.00012179498725208
0.000120899753307913
0.00012005359728138
0.00011917068817951
0.000118336580735865
0.000117465827393942
0.000116643601779744
0.000115784837407723
0.00011497432913306
0.000114127389205435
0.000113328436021283
0.000112493158244046
0.000111705600103192
0.000110881824388986
0.000110105503422697
0.000109293071855753
0.000108527832349018
0.000107726589153657
0.000106972277502429
0.000106182069026643
0.000105438533721996
0.000104659208396232
0.000103926299993345
0.000103157708304662
0.000102435279392198
0.000101677273869824
0.000100965179041626
0.000100217614210041
0.0000995157100454964
0.000098778442412143
0.0000980865874407173
0.0000973594754634604
0.0000966775301470096
0.0000959604342095798
0.0000952882609102105
0.0000945810432928629
0.0000939185062498955
0.0000932210311084966
0.0000925679964148203
0.000091880129755736
0.0000912364653266486
0.0000905580749784876
0.000089923650535196
0.0000892546061307655
0.0000886292931689506
0.000087969466111856
0.0000873531378852237
0.0000867024013314221
0.0000860949328224435
0.0000854531616579933
0.0000848544295559706
0.0000842215003714136
0.0000836313830509809
0.0000830071741173505
0.0000824255516172256
0.0000818099428673036
0.0000812366968574043
0.0000806295698628296
0.0000800645836383791
0.0000794658215783787
0.0000789089800329424
0.0000783184676880731
0.0000777696572788461
0.0000771872810021977
0.0000766463897457452
0.0000760720374360441
0.0000755389548798602
0.0000749725159694476
0.0000744471331719914
0.0000738884986039724
0.000073370708115659
0.0000728197703191251
0.000072309466160256
0.0000717661190375593
0.0000712631966785416
0.000070727335577967
0.0000702316919234183
0.0000697032136218188
0.0000692147469908391
0.0000686935496828032
0.0000682121597787245
0.0000676981430456828
0.0000672237309549116
0.0000667167957501568
0.0000662492639107095
0.0000657493125480046
0.0000652885647356533
0.0000647955008567042
0.0000643414421713814
0.0000638551707430055
0.0000634077075776285
0.0000629281348677963
0.000062487174905524
0.0000620142084568122
0.0000615796606482763
0.0000611132092790141
0.000060684983820362
0.0000602249575889517
0.0000598029659149487
0.0000593492761168441
0.0000589334308713367
0.0000584859900191887
0.0000580762050472465
0.0000576349268458336
0.0000572311171825121
0.0000567959165227195
0.0000563979983612186
0.0000559687913019037
0.0000555766819936378
0.0000551533857413017
0.000054767003774455
0.0000543495366713983
0.000053968801648781
0.0000535570831601465
0.0000531819157925485
0.0000527758664884175
0.0000524061885772842
0.0000520057301136044
0.0000516414645400977
0.000051246519648896
0.000050887590350987
0.0000504980828268825
0.0000501444147896262
0.0000497602694741961
0.0000494117887136652
0.0000490329314782689
0.0000486895650345474
0.0000483159227681262
0.0000479775986822145
0.0000476090992819741
0.0000472757465850334
0.0000469123189328001
0.0000465838676395729
0.0000462254416018373
0.0000459018226809712
0.0000455483290860519
0.0000452294744655804
0.0000448808450859601
0.0000445666876355321
0.000044222855188813
0.0000439133286963755
0.0000435742268260651
0.0000432692659921278
0.0000429348292510717
0.0000426343696826497
0.0000423045335273804
0.0000420085117142897
0.0000416832124864038
0.0000413915658025208
0.000041070740719239
0.0000407834073941708
0.0000404669945448044
0.0000401839136636229
0.0000398718519820897
0.0000395929634739366
0.0000392851927355913
0.0000390104373573199
0.0000387068981720448
0.0000384362175001124
0.0000381368512900345
0.0000378701877054942
0.0000375749367065807
0.000037312233385488
0.00003702104062536
0.0000367622415355886
0.0000364750508268624
0.0000362201007058645
0.0000359368566406489
0.000035685700989835
0.0000354063489179506
0.0000351589339972052
0.000034883420026573
0.0000346396928323992
0.0000343679638168034
0.0000341278720815508
0.0000338598756001874
0.0000336233677868959
0.0000333590521477728
0.0000331260774193123
0.0000328653916509949
0.0000326358998826081
0.0000323787936976667
0.0000321527354621013
0.0000318991592889016
0.0000316764858296336
0.0000314263907725187
0.0000312070540252851
0.0000309603918527437
0.0000307443444106145
0.0000305010675868203
0.000030288262683411
0.0000300483243007844
0.000029838715870504
0.0000296020696465481
0.0000293956122308206
0.0000291622125923518
0.0000289588613047564
0.0000287286633077345
0.0000285283739451099
0.0000283013331949312
0.0000281040621958454
0.0000278801349409174
0.0000276858392975939
0.0000274649824194377
0.0000272736197305805
0.0000270557906799167
0.0000268673191483693
0.0000266524759711299
0.0000264668543639998
0.0000262549556943495
0.0000260721433596497
0.0000258631483930537
0.0000256831052423512
0.0000254769737484859
0.0000252996602437646
0.0000250963525476627
0.0000249217297088791
0.00002472120667991
0.0000245492360636223
0.0000243514591229642
0.0000241821028187344
0.0000239870339115846
0.0000238202545444059
0.0000236278561477581
0.0000234636168501103
0.0000232738519672196
0.0000231121163901125
0.000022924948528226
0.0000227656808315346
0.0000225810740078394
0.0000224242388434659
0.0000222421575741352
0.0000220877200910697
0.000021908129382965
0.0000217560552140494
0.0000215789205611179
0.0000214291758140839
0.0000212544631891122
0.0000211070144475298
0.0000209346902940572
0.0000207895046039012
0.0000206195358351275
0.0000204765807019921
0.0000203089346852394
0.0000201681780697342
0.0000200028226277351
0.000019864232934865
0.0000197011363383219
0.000019564682411461
0.0000194038133697976
0.0000192694644905236
0.0000191107921505042
0.0000189785180234303
0.00001882201195861
0.0000186917827147399
0.0000185374129215211
0.000018409199109226
0.0000182569360012937
0.0000181307085739706
0.0000179805229766757
0.0000178562533002761
0.0000177081164422538
0.0000175857762773071
0.0000174396597917433
0.000017319221291296
0.0000171750972034838
0.0000170565329150897
0.0000169143736373418
0.0000167976564885117
0.0000166574348191362
0.000016542538112914
0.0000164042272313692
0.0000162911246472966
0.0000161546981003175
0.0000160433636850878
0.0000159087953914576
0.0000157992035524419
0.0000156664677934744
0.0000155585932971001
0.0000154276647128803
0.0000153214826747765
0.0000151923362570018
0.0000150878221475423
0.0000149604332344712
0.000014857562863077
0.0000147319071405845
0.000014630656651046
0.0000145067101424511
0.0000144070560177203
0.0000142847950774381
0.0000141867141266819
0.0000140661154445155
0.000013969584800554
0.0000138506253841985
0.0000137556225046213
0.0000136382796874343
0.0000135447823385714
0.0000134290337682246
0.0000133370200309917
0.0000132228436665819
0.0000131322919290969
0.0000130196660364621
0.0000129305549885636
0.0000128194581361779
0.0000127317667689633
0.0000126221778248563
0.0000125358854185935
0.0000124277835489505
0.0000123428696749948
0.0000122362343326865
0.000012152678853508
0.00001204748977517
0.0000119652728319828
0.0000118615100442972
0.0000117806120547933
0.0000116782558600389
0.0000115986575195048
0.0000114976884924975
0.0000114193707659379
0.0000113197697564758
0.0000112427138738867
0.0000111444619976539
0.0000110686494558831
0.0000109717280896315
0.0000108971406440258
0.0000108015314276099
0.0000107281510873994
0.0000106338359171246
0.0000105616449451314
0.0000104686059688322
0.0000103975868773854
0.0000103058064937086
0.0000102359420403647
0.0000101454028908035
0.0000100766760755244
0.00000998736104781567
0.00000991975510859825
0.00000983164732735793
0.0000097651457381492
0.00000967822856406496
0.00000961281503129304
0.00000952707205730183
0.00000946273051516262
0.00000937814556566118
0.00000931486017504255
0.00000923141729858513
0.00000916917244247324
0.00000908685590933044
0.00000902563619221959
0.0000089444304957346
0.00000888422073562742
0.00000880411058474486
0.00000874489581377623
0.00000866586612901532
0.00000860763159354213
0.00000852966751017097
0.00000847239865858056
0.0000083954855168134
0.00000833916800590367
0.0000082632913525737
0.00000820791104085828
0.00000813305662394651
0.00000807859956652393
0.000008004753334722
0.00000795120578582565
0.00000787835388266883
0.00000782570228952257
0.0000077538310522806
0.00000770206205188763
0.00000763115801215662
0.00000758025843153608
0.00000751030830547811
0.00000746026515514998
0.0000073912558475093
0.00000734205632189333
0.00000727397492049326
0.00000722560639510082
0.00000715844016483597
0.00000711089019538813
0.00000704462658390902
0.00000699788289665607
0.00000693250952551199
0.00000688656002334993
0.00000682206468841762
0.00000677689744343107
0.00000671326810993134
0.00000666887136398575
0.00000660609616524522
0.00000656245832461963
0.00000650052556216394
0.0000064576351990754
0.00000639653333561698
0.00000635437918088178
0.0000062940968439254
0.00000625266778888983
0.00000619319376344995
0.0000061524788563937
0.000006093802083359
0.00000605379052761757
0.00000599590010431314
0.00000595658125583251
0.00000589946643192475
0.0000058608297960474
0.00000580447997153368
0.00000576651520417586
0.00000571091992753991
0.00000567361682915415
0.00000561876579546777
0.0000055821143112118
0.00000552799736001926
0.00000549198757666419
0.00000543859468990047
0.0000054032168359279
0.00000535053813399038
0.00000531578257717418
0.00000526380832043189
0.00000522966556294989
0.00000517838614884648
0.00000514484682666349
0.00000509425278647779
0.00000506130767050584
0.00000501138966756475
0.00000497902965894986
0.00000492977848756086
0.00000489799461591804
0.00000484940119958664
0.00000481818462214925
0.00000477024001210737
0.00000473958201159851
0.00000469227738245465
0.00000466216936445191
0.00000461549601703542
0.00000458592951110605
0.00000453987886602846
0.0000045108455189898
0.00000446540911890521
0.00000443690069830313
0.00000439207020233106
0.00000436407859382933
0.00000431984577828765
0.00000429236298044097
0.00000424871973737016
0.00000422173786309133
0.00000417867619870605
0.0000041521874749149
0.00000410969950563015
0.00000408369626676469
0.00000404177422106764
0.00000401624891291429
0.00000397488512656916
0.00000394983030246481
0.00000390901721984374
0.00000388442553636483
0.00000384415570773226
0.00000382001993054745
0.00000378028600938005
0.00000375659900276504
0.00000371739374749983
0.00000369414848022862
0.00000365546474602087
0.00000363265428865596
0.00000359448503363146
0.00000357210255185946
0.00000353444083446097
0.00000351247959204903
0.00000347531856644213
0.00000345377192584112
0.00000341710484052982
0.00000339596625639558
0.00000335978645560106
0.00000333904947853122
0.00000330335039941852
0.00000328300866961275
0.00000324778384175794
0.0000032278310913049
0.00000319307413445405
0.00000317350418591483
0.00000313920880813801
0.00000312001557202419
0.0000030861755700078
0.00000306735304445247
0.00000303396230210041
0.00000301550456951975
0.00000298255705557594
0.00000296445828488298
0.0000029319480532639
0.00000291420249563951
0.00000288212368237958
0.00000286472567253866
0.00000283307249652591
0.00000281601644982992
0.00000278478320927144
0.0000027680636233514
0.00000273724469606753
0.00000272085614442764
0.00000269044599049467
0.00000267438312440204
0.00000264437627718285
0.00000262863382832118
0.00000259902489866811
0.0000025835976718486
0.00000255438134672191
0.00000253926422168576
0.00000251043526041471
0.00000249562319198498
0.00000246717642839297
0.00000245266444352228
0.00000242459478450282
0.0000024103779787756
0.00000238268040015017
0.00000236875394549284
0.00000234142349407527
0.00000232778262776818
0.00000230081442029246
0.00000228745444897941
0.00000226084366821976
0.00000224775996929378
0.00000222150186620882
0.000002208689879751
0.0000021827797732934
0.00000217023500739861
0.00000214466827793086
0.00000213238630661391
0.00000210715840217131
0.00000209513486195517
0.00000207024129270291
0.00000205847188317286
0.00000203390822148877
0.00000202238870592456
0.00000199815058682066
0.00000198687678883245
0.00000196295990669885
0.00000195192771073432
0.00000192832782093077
0.00000191753317189732
0.00000189424608902633
0.00000188368498915461
0.00000186070658425595
0.00000185037509650181
0.00000182770129936073
0.00000181759554232216
0.00000179522233939031
0.00000178533848703939
0.00000176326192002033
0.00000175359620523344
0.00000173181237087926
0.00000172236107871005
0.00000170086612756787
0.00000169162559863869
0.0000016704157357234
0.00000166138236373051
0.00000164045384555636
0.00000163162407703648
0.00000161097321265872
0.00000160234354549485
0.0000015819666953659
0.0000015735336801289
0.00000155342725396032
0.00000154518749051432
0.00000152534794876554
0.00000151729808773147
0.00000149772193969652
0.00000148985867989673
0.00000147054248316215
0.00000146286257248837
0.00000144380293162739
0.00000143630316577443
0.0000014174967330526
0.00000141017395569236
0.00000139161742914283
0.00000138446852849188
0.00000136615865269785
0.0000013591805639281
0.00000134111412691259
0.00000133430383206056
0.00000131647766637569
0.00000130983218944489
0.00000129224317248961
0.00000128575958317407
0.00000126840463465192
0.0000012620800450282
0.00000124495612752132
0.00000123878769311488
0.00000122189180968173
0.0000012158767275686
0.00000119920592472674
0.00000119334143428965
0.0000011768927972724
0.00000117117617851738
0.00000115494683292028
0.00000114937540727177
0.00000113336251924303
0.00000112793364617384
0.00000111213442000243
0.00000110684549992155
0.0000010912571777727
0.00000108610564930539
0.00000107072551201192
0.00000106570885277838
0.00000105053421796097
0.00000104564994253249
0.00000103067816469823
0.00000102592382470596
0.00000101115229524519
0.00000100652547942522
0.000000991951624271454
0.000000987449958481975
0.000000973071238839894
0.000000968692382918948
0.000000954506295334964
0.000000950247945716302
0.000000936252020532109
0.00000093211190811754
0.000000918303709513255
0.000000914279598709556
0.000000900656724272276
0.000000896746414382899
0.00000088330649342685
0.000000879507816610184
0.000000866248511952287
0.000000862559332493007
0.000000849478337811706
0.000000845896553788252
0.000000832991594644983
0.000000829515135492369
0.000000816783967942876
0.000000813410794592692
0.000000800851205630674
0.000000797579309701771
0.000000785189115491633
0.000000782016520008707
0.00000076979356699458
0.000000766718324792664
0.000000754660488499564
0.000000751680682096316
0.000000739785866047735
0.000000736899608771437
0.000000725165746206029
0.000000722371177852114
0.000000710796228530645
0.000000708091519636299
0.000000696673471236776
0.000000694056820066447
0.000000682793687381488
0.000000680263319306707
0.000000669153144192014
0.000000666707313190556
0.000000655748163311911
0.000000653385149757669
0.000000642575118670485
0.000000640293229149292
0.000000629630436835659
0.000000627428005235984
0.000000616910596054178
0.000000614785982165997
0.00000060441212465026
0.000000602363713611847
0.000000592131602524435
0.000000590157804393506
0.00000058006565715724
0.000000578164907632051
0.000000568210966163727
0.000000566381725050381
0.000000556564254097296
0.000000554805005496012
0.000000545122293441571
0.00000054343154564885
0.000000533881903763671
0.000000532258188501021
0.00000052283994975347
0.000000521281820998501
0.000000511993341258053
0.000000510499377965717
0.000000501339034125905
0.000000499907836855155
0.000000490874027207109
0.000000489504218008534
0.000000480595363450507
0.000000479285587127514
0.000000470500127759966
0.000000469249051516758
0.000000460585448484449
0.00000045939175970993
0.000000450848494227965
0.000000449710902540315
0.000000441286476169595
0.00000044020371101598
0.00000043189664485949
0.00000043086745682464
0.000000422676291485354
0.00000042169945095289
0.000000413622745566345
0.000000412697043844363
0.000000404733376710968
0.000000403857623423179
0.000000396005591849025
0.00000039517861734837
0.00000038743683543132
0.000000386657488802157
0.000000379024590533359
0.000000378291739266164
0.000000370766375143413
0.00000037007890568521
0.000000362659743750353
0.00000036201656195477
0.000000354702288047173
0.000000354102315538677
0.000000346891632636212
0.000000346333811244121
0.000000339225437824718
0.000000338708726144476
0.000000331701397834102
0.000000331224771831694
0.000000324317241076972
0.000000323879693618779
0.00000031707072814471
0.000000316671269863675
0.000000309959653295641
0.000000309597310760817
0.000000302981842234936
0.000000302655658438403
0.000000296135153196603
0.00000029584418730421
0.000000289417474975187
0.00000028916080286043
0.00000028282672746314
0.00000028260344083942
0.000000276360861658325
0.000000276170067071841
0.000000270017858064501
0.000000269858677710688
0.000000263795725958452
0.000000263667297220853
0.000000257692505641181
0.00000025759398075907
0.000000251706264786779
0.000000251636811091287
0.000000245835099634746
0.000000245793898369267
0.00000024007713473223
0.000000240063381928439
0.000000234430521723699
0.000000234443427516177
0.00000022889343983905
0.000000228932228310932
0.000000223464095048425
0.000000223528003783844
0.000000218140719420013
0.000000218228999828842
0.000000212921571244367
0.000000213033488137399
0.000000207804934644954
0.000000207939765502005
0.000000202789118533513
0.000000202946154233817
0.000000197872457238463
0.000000198051001828511
0.000000193053309315564
0.000000193252679016229
0.000000188330057910909
0.000000188549581600604
0.000000183701109593606
0.000000183940128320709
0.000000179164895252584
0.000000179422762459728
0.000000174719867808379
0.000000174995948626639
0.000000170364504839968
0.000000170658175574599
0.000000166097303915491
0.000000166407954079797
0.000000161916787195515
0.000000162243816734828
0.000000157821497811339
0.000000158164317895968
0.000000153810000491912
0.000000154168033854974
0.000000149880881349723
0.000000150253561395799
0.000000146032747143115
0.000000146419518513504
0.000000142264226146058
0.000000142664543743323
0.000000138573966374051
0.000000138987295721502
0.000000134960636105
0.000000135386453230535
0.000000131422923344471
0.000000131860714699818
0.000000127959535963391
0.000000128408798065755
0.000000124569200749558
0.00000012502943976378
0.000000121250663589768
0.000000121721395833983
0.000000118002689324251
0.000000118483440520046
0.000000114824060991411
0.000000115314366629201
0.000000111713579910694
0.000000112212985022351
0.000000108670065126874
0.000000109178123561054
0.000000105692353546529
0.000000106208628745762
0.000000102779299701359
0.000000103303363825506
0.0000000999297749515455
0.000000100461209262763
0.0000000971426676260966
0.0000000976810620235734
0.0000000944168825542543
0.0000000949618361605603
0.0000000917513420421645
0.0000000923024613670381
0.0000000891449830720393
0.0000000897018841423559
0.0000000865967597672606
0.0000000871590662075192
0.0000000841056414743581
0.0000000846729854664417
0.0000000816706132885705
0.0000000822426347704549
0.0000000792906752189645
0.0000000798670223436413
0.0000000769648431979425
0.0000000775451714641559
0.0000000746921469372277
0.0000000752761201692269
0.0000000724716317679495
0.0000000730589210150886
0.0000000703023565574974
0.0000000708926404917987
0.000000068183395193014
0.0000000687763599776155
0.0000000661138353565114
0.0000000667091742288454
0.00000006409277836522
0.000000064690191637239
0.0000000621193394394371
0.0000000627185347141989
0.0000000601926468727691
0.0000000607933387791936
0.0000000583118425341035
0.0000000589137525536681
0.0000000564760814970064
0.0000000570789375580908
0.0000000546845310863738
0.0000000552880679570883
0.0000000529363717039961
0.0000000535403309771747
0.0000000512307964073041
0.0000000518349259445865
0.00000004956701020732
0.0000000501710642354369
0.0000000479442304827496
0.0000000485479695634435
0.0000000463616867399439
0.0000000469648774372118
0.0000000448186197444955
0.0000000454210350210994
0.0000000433142823306072
0.0000000439157010852468
0.000000041847938713697
0.0000000424481456458753
0.0000000404188644162257
0.0000000410176501502375
0.0000000390263457452396
0.0000000396235068115297
0.000000037669680588911
0.000000038265018795618
0.0000000363481770655237
0.0000000369415003189613
0.0000000350611545451043
0.0000000356522757225993
0.0000000338079421715944
0.0000000343966799282832
0.0000000325878801622107
0.0000000331740582020145
0.0000000314003182501096
0.0000000319837659865897
0.0000000302446168880008
0.000000030825168410737
0.0000000291201460019227
0.000000029697640712258
0.0000000280262851489723
0.0000000286005675690767
0.0000000269624240757301
0.0000000275333437400929
0.000000025927961763385
0.0000000264953725290513
0.0000000249223061184844
0.0000000254860672164226
0.0000000239448749985272
0.0000000245048501041698
0.0000000229950946616428
0.0000000235511521620795
0.0000000220724006384707
0.0000000226244136122475
0.0000000211762374902996
0.0000000217240832504074
0.0000000203060578109896
0.0000000208496183712749
0.0000000194613234937077
0.0000000200004850209361
0.0000000186415043998487
0.0000000191761575754024
0.0000000178460789118427
0.0000000183761184872246
0.0000000170745334882587
0.0000000175998584248003
0.0000000163263628694616
0.0000000168468762206484
0.0000000156010692961379
0.0000000161166782148145
0.0000000148981635275638
0.0000000154087789657359
0.0000000142171634931405
0.000000014722700450033
0.0000000135575948796389
0.0000000140579722249263
0.0000000129189911927543
0.0000000134141313250132
0.0000000123008928062371
0.0000000127907222455617
0.0000000117028477520996
0.0000000121872963789991
0.0000000111244112787645
0.0000000116034126586102
0.0000000105651455103138
0.0000000110386366408354
0.0000000100246194875064
0.0000000104925411271452
0.00000000950240946545131
0.00000000996470550187919
0.00000000899809821616036
0.00000000945471602803249
0.00000000851127522620311
0.00000000896216550978738
0.00000000804153661650537
0.00000000848665332896789
0.00000000758848490771743
0.00000000802778514246591
0.00000000715172906334921
0.00000000758517320079852
0.00000000673088443278727
0.00000000715843580064648
0.00000000632557230027355
0.00000000674719740167585
0.00000000593542040679866
0.00000000635108855682783
0.00000000556006231657906
0.00000000596974589118031
0.00000000519913748903406
0.00000000560281167981498
0.00000000485229131447415
0.00000000524993427689357
0.00000000451917502168749
0.00000000491076756927075
0.00000000419944529083772
0.00000000458497104806208
0.00000000389276468244552
0.00000000427220991920064
0.00000000359880110198146
0.00000000397215475299875
0.00000000331722790176457
0.00000000368448144532779
0.0000000030477237745246
0.00000000340887134067789
0.00000000278997271925848
0.00000000314501085453926
0.00000000254366399835402
0.00000000289259173743442
0.00000000230849192922453
0.00000000265131062735681
0.00000000208415582338844
0.00000000242086938809444
0.00000000187036010458482
0.0000000022009746267133
0.00000000166681394158447
0.00000000199133778767061
0.00000000147323148268653
0.00000000179167527320685
0.00000000128933154047839
0.00000000160170813450439
0.00000000111483757749832
0.00000000142116198081849
0.000000000949477857805359
0.0000000012497671199844
0.000000000792985012392566
0.00000000108725830843848
0.000000000645096199668143
0.00000000093337476834292
0.000000000505553111039704
0.000000000787860053235775
0.000000000374101661863285
0.000000000650462121254949
0.000000000250492119982764
0.000000000520933134059506
0.000000000134479007642988
0.000000000399029414914311
0.0000000000258209014027928
0.00000000028451150135152
-0.0000000000757193759903639
0.000000000177143932018839
-0.000000000170375075918284
0.0000000000766952295694162
-0.000000000258375344662469
-0.0000000000170620834441512
-0.000000000339945512089151
-0.000000000104351522785879
-0.000000000415306979519808
-0.000000000185392937248719
-0.000000000484677302820476
-0.000000000260402243400798
-0.000000000548270324368158
-0.000000000329591741940521
-0.000000000606296232226269
-0.000000000393170042606737
-0.000000000658961501380448
-0.000000000451342079965907
-0.000000000706468943100666
-0.000000000504309250564435
-0.000000000749017998460694
-0.000000000552269519998141
-0.000000000786804486035854
-0.000000000595417265179248
-0.000000000820020805363125
-0.00000000063394356548048
-0.000000000848856012057397
-0.000000000668036134889537
-0.000000000873495846233736
-0.000000000697879280588688
-0.000000000894122590690882
-0.000000000723654194872189
-0.000000000910915499311894
-0.000000000745538707496511
-0.000000000924050479713221
-0.000000000763707617466319
-0.000000000933700372342475
-0.000000000778332539432469
-0.000000000940034918647248
-0.000000000789582013205758
-0.000000000943220744756464
-0.000000000797621559098678
-0.000000000943421509189558
-0.000000000802613757616837
-0.000000000940797860857482
-0.000000000804718178554549
-0.000000000935507608037906
-0.000000000804091544029709
-0.000000000927705594661813
-0.000000000800887730892695
-0.000000000917543864365504
-0.00000000079525777964404
-0.000000000905171666699192
-0.000000000787349951442413
-0.000000000890735477650174
-0.000000000777309812238683
-0.000000000874379068442992
-0.000000000765280221937987
-0.00000000085624353183068
-0.000000000751401386649842
-0.000000000836467326914472
-0.000000000735810907733639
-0.000000000815186305175967
-0.000000000718643817982266
-0.000000000792533785414021
-0.00000000070003261518592
-0.000000000768640517672382
-0.000000000680107291261368
-0.000000000743634803628967
-0.000000000658995380556194
-0.000000000717642504771627
-0.000000000636821993635862
-0.000000000690787017683892
-0.000000000613709870290033
-0.000000000663189417812119
-0.000000000589779361591307
-0.0000000006349683961499
-0.000000000565148519782214
-0.000000000606240367517566
-0.00000000053993312431784
-0.000000000577119448024858
-0.000000000514246667070222
-0.000000000547717523854629
-0.000000000488200450883046
-0.000000000518144269043455
-0.000000000461903591529853
-0.000000000488507177788556
-0.00000000043546303430851
-0.000000000458911609782522
-0.000000000408983617913498
-0.000000000429460806273927
-0.000000000382568071969258
-0.000000000400255924110954
-0.000000000356317080992396
-0.000000000371396064437005
-0.000000000330329298719942
-0.000000000342978329652312
-0.000000000304701364618392
-0.000000000315097798225957
-0.000000000279527967738717
-0.000000000287847606883141
-0.000000000254901832691069
-0.000000000261318952829418
-0.000000000230913779551227
-0.000000000235601128567343
-0.000000000207652742166388
-0.0000000002107815389743
-0.000000000185205793337578
-0.000000000186945746809914
-0.000000000163658173401231
-0.000000000164177484903733
-0.000000000143093313686318
-0.000000000142558686309973
-0.000000000123592865573399
-0.000000000122169511259685
-0.000000000105236723020916
-0.00000000010308836672443
-0.0000000000881030467820153
-0.0000000000853919320983682
-0.0000000000722682859261581
-0.0000000000691551843292889
-0.000000000057807201551775
-0.0000000000544514168885806
-0.0000000000447928875123288
-0.0000000000413522579037204
-0.0000000000332967882107294
-0.0000000000299276920561259
-0.0000000000233887190506881
-0.0000000000202460771019335
-0.0000000000151368783174393
-0.0000000000123741573824672
-0.00000000000860786589289101
-0.00000000000637707852100377
-0.00000000000386669172892731
-0.00000000000231839598777991
-0.000000000000976785139543713
-0.000000000000260083069162828
0
