0
0.0000000000000000000000574276724574592
0.00000000070250796647338
0.0000000013751256375687
0.00000000203068096803788
0.00000000267501942534382
0.00000000331898736162292
0.00000000396692449565576
0.00000000462736064480201
0.00000000530312849851532
0.00000000600102757695316
0.00000000672245096844445
0.00000000747273246814245
0.00000000825207949934849
0.0000000090645200502671
0.00000000990931740026699
0.0000000107893587896504
0.0000000117031556235764
0.0000000126526266929882
0.0000000136356881412436
0.0000000146534563693177
0.0000000157033863433365
0.0000000167859442309182
0.000000017898242033664
0.0000000190402316551167
0.0000000202087871211171
0.0000000214034662445737
0.000000022620997796972
0.0000000238606511487951
0.0000000251190908186559
0.0000000263953901619094
0.0000000276862193508636
0.0000000289905360402841
0.0000000303050756254326
0.0000000316287492101461
0.0000000329584074588576
0.0000000342929737713131
0.0000000356294554135338
0.000000036966837441719
0.0000000383023171205905
0.0000000396349818209885
0.0000000409622450071641
0.0000000422833290764577
0.0000000435958833931847
0.0000000448992908759732
0.0000000461914506415393
0.0000000474719251097572
0.0000000487388717632587
0.000000049992045661215
0.000000051229866596496
0.0000000524522902044594
0.0000000536579983967832
0.000000054847150726711
0.0000000560186873971544
0.0000000571729711958568
0.0000000583091936217026
0.0000000594279165211649
0.0000000605285729652585
0.0000000616119166866835
0.0000000626776102867702
0.0000000637265896746041
0.0000000647587330051252
0.0000000657751465404518
0.0000000667759084336628
0.0000000677622817530278
0.0000000687345278452145
0.0000000696940516715199
0.0000000706412800227101
0.0000000715777437995548
0.000000072504016821558
0.0000000734217392314543
0.0000000743316130508173
0.000000075235370491074
0.0000000761338227690284
0.0000000770287767570764
0.0000000779211338887011
0.0000000788127582716004
0.0000000797046227920425
0.0000000805986315413802
0.0000000814958104757588
0.0000000823980867626389
0.0000000833065215715131
0.0000000842230487312427
0.0000000851487474223669
0.0000000860855423415934
0.000000087034514241739
0.0000000879975636257814
0.0000000889757572362139
0.000000089970957145297
0.0000000909842014360038
0.0000000920173004143671
0.000000093071249850652
0.0000000941477959120601
0.0000000952478794477825
0.0000000963731711249189
0.0000000975245453439959
0.00000009870358695707
0.0000000999110934939327
0.000000101148554746392
0.000000102416682071035
0.00000010371686203638
0.000000105049711646965
0.000000106416507170571
0.000000107817764199469
0.000000109254642702823
0.000000110727550906371
0.000000112237527548696
0.000000113784868620637
0.000000115370487743063
0.000000116994564863157
0.000000118657885614808
0.000000120360511120044
0.000000122103097141739
0.000000123885584185536
0.000000125708497207001
0.000000127571655253155
0.000000129475452442009
0.00000013141958642358
0.00000013340432130935
0.000000135429234269947
0.000000137494461054249
0.000000139599460076538
0.000000141744241130035
0.000000143928146348693
0.000000146151062687634
0.000000148412219175672
0.000000150711383704935
0.000000153047676018451
0.000000155420749323437
0.000000157829618485407
0.000000160273826953167
0.000000162752289656128
0.000000165264445704891
0.000000167809115511847
0.000000170385639708677
0.000000172992750032692
0.00000017562969488115
0.000000178295123526811
0.000000180988198709251
0.000000183707493762673
0.000000186452092626074
0.000000189220499484737
0.00000019201172656392
0.000000194824215903215
0.000000197656915281665
0.000000200508211761114
0.000000203376996075619
0.000000206261607595189
0.00000020916088749841
0.000000212073134822626
0.00000021499714872522
0.00000021793119530082
0.00000022087403922358
0.000000223823921025328
0.000000226779578399734
0.000000229739233647752
0.000000232701604913214
0.000000235664903514207
0.000000238627835368921
0.000000241588607943253
0.000000244545922115584
0.00000024749798848157
0.000000250443509897548
0.000000253380706893752
0.000000256308291127008
0.000000259224499663397
0.000000262128059562304
0.000000265017230799588
0.000000267890762196835
0.000000270746942764404
0.00000027358454918278
0.000000276401905353302
0.000000279197821631235
0.00000028197066238036
0.000000284719277150034
0.000000287442076037957
0.000000290137952996894
0.000000292805368817436
0.000000295443266743808
0.000000298050162895241
0.000000300625054365131
0.000000303166516905526
0.000000305673605678226
0.000000308144960034585
0.000000310579697080777
0.000000312976523390773
0.000000315334621543998
0.000000317652768614607
0.000000319930215835107
0.000000322165813710791
0.00000032435888495715
0.000000326508356094861
0.000000328613623804598
0.000000330673692861561
0.000000332688036048174
0.000000334655738291649
0.000000336576350271003
0.000000338449038626616
0.000000340273433392163
0.000000342048784150727
0.000000343774801418654
0.000000345450818627678
0.000000347076627582023
0.000000348651646150691
0.000000350175747918035
0.000000351648435470768
0.000000353069664360621
0.000000354439021875047
0.00000035575654542511
0.000000357021906695034
0.000000358235224563571
0.000000359396254530124
0.000000360505196278255
0.00000036156188827619
0.000000362566610088319
0.000000363519282053341
0.000000364420262444642
0.000000365269552132972
0.000000366067586693759
0.000000366814445964468
0.000000367510641194164
0.000000368156329407574
0.000000368752095690666
0.000000369298172275871
0.000000369795216054656
0.000000370243532300742
0.000000370643847498337
0.000000370996537623751
0.000000371302396373857
0.000000371561867929164
0.000000371775810666008
0.000000371944734324882
0.000000372069559288789
0.00000037215085808226
0.000000372189610295873
0.0000003721864483437
0.000000372142408111921
0.000000372058178905258
0.000000371934849893538
0.000000371773164180925
0.000000371574261122998
0.000000371338934453131
0.000000371068370540863
0.000000370763410511411
0.000000370425284515692
0.000000370054877779522
0.000000369653460952765
0.00000036922196002779
0.000000368761682834302
0.000000368273592766319
0.000000367759031486887
0.00000036721899640783
0.000000366654859664405
0.000000366067649292254
0.000000365458764533038
0.000000364829260653617
0.000000364180560641875
0.000000363513743613669
0.000000362830252957779
0.000000362131188277465
0.000000361418010040966
0.00000036069183500643
0.000000359954137432803
0.000000359206047937966
0.000000358449051323343
0.000000357684288817551
0.000000356913252564638
0.000000356137091206903
0.000000355357301087437
0.000000354575035124957
0.000000353791790780567
0.000000353008722177533
0.000000352227324882518
0.000000351448751224678
0.00000035067449193719
0.000000349905694633628
0.000000349143842354887
0.000000348390075159886
0.000000347645865622386
0.000000346912343494917
0.000000346190968197581
0.000000345482856516012
0.000000344789452122765
0.000000344111856270308
0.000000343451494385979
0.000000342809449720377
0.000000342187127056943
0.000000341585589276417
0.000000341006218220595
0.000000340450054135499
0.000000339918453726916
0.00000033941243244628
0.000000338933319774222
0.0000003384821043137
0.00000033806008633798
0.000000337668225655143
0.000000337307791456105
0.000000336979712916125
0.000000336685226377281
0.000000336425228652407
0.000000336200921576594
0.000000336013167980274
0.00000033586313364126
0.000000335751645895968
0.000000335679833023536
0.000000335648485462815
0.000000335658692659939
0.000000335711206860453
0.000000335807077449725
0.000000335947017290273
0.000000336132034585168
0.000000336362801729269
0.000000336640284725036
0.000000336965114519314
0.000000337338213998298
0.000000337760171782233
0.000000338231866826126
0.000000338753844644836
0.000000339326939546305
0.000000339951653258823
0.000000340628774824049
0.000000341358761598511
0.00000034214235683232
0.000000342979973018324
0.000000343872307181188
0.000000344819726549126
0.000000345822881577129
0.000000346882093915274
0.000000347997967190984
0.000000349170777248479
0.000000350401080712774
0.000000351689107477003
0.000000353035367069997
0.000000354440043367721
0.00000035590359878666
0.000000357426171195903
0.00000035900817595837
0.00000036064970502011
0.000000362351126820227
0.000000364112487535728
0.000000365934108880593
0.000000367815991483597
0.000000369758410597629
0.000000371761321588086
0.000000373824953572404
0.000000375949216998456
0.000000378134295232801
0.000000380380054209048
0.000000382686631983414
0.000000385053850432553
0.000000387481802795446
0.000000389970267400405
0.000000392519293211599
0.0000003951286155657
0.000000397798239740732
0.000000400527858683531
0.000000403317434617439
0.000000406166618743095
0.000000409075330901492
0.000000412043181229029
0.000000415070047893563
0.000000418155500685625
0.000000421299376843125
0.000000424501206561882
0.000000427760786924594
0.000000431077609313714
0.000000434451431459976
0.00000043788170674063
0.000000441368154363883
0.000000444910190535011
0.000000448507496791466
0.000000452159453021937
0.000000455865703965672
0.000000459625594069326
0.000000463438732164722
0.000000467304428147893
0.00000047122225584949
0.000000475191491520995
0.000000479211674911358
0.000000483282049545817
0.000000487402122022126
0.000000491571104067538
0.000000495788470068163
0.000000500053400889265
0.000000504365339651215
0.00000050872343729978
0.000000513127106640343
0.000000517575469645119
0.000000522067909758198
0.000000526603520926496
0.000000531181658187434
0.000000535801388411164
0.000000540462039182652
0.000000545162651242475
0.000000549902525674722
0.000000554680678034855
0.000000559496383854321
0.000000564348634443217
0.000000569236680723072
0.000000574159490692952
0.000000579116291600601
0.000000584106029061126
0.000000589127907577116
0.000000594180851298448
0.000000599264042902037
0.000000604376385981623
0.000000609517042298101
0.000000614684895788071
0.000000619879088194713
0.000000625098484684853
0.000000630342207870334
0.000000635609105023373
0.00000064089828049814
0.000000646208564534419
0.000000651539044088399
0.000000656888533215865
0.000000662256102320694
0.000000667640550108529
0.000000673040931261649
0.000000678456029954192
0.000000683884885962533
0.000000689326269732544
0.000000694779206933919
0.000000700242455071504
0.000000705715026491683
0.000000711195666529183
0.000000716683374973371
0.000000722176885743116
0.000000727675186820525
0.000000733177001445913
0.000000738681306526591
0.000000744186815344046
0.000000749692494446422
0.000000755197047859018
0.000000760699432468474
0.000000766198343729652
0.000000771692729548063
0.000000777181277475598
0.00000078266292709954
0.000000788136358719752
0.000000793600504250609
0.00000079905403737288
0.000000804495882955954
0.000000809924708677617
0.000000815339432972951
0.000000820738718115276
0.000000826121476698718
0.000000831486366174488
0.000000836832293871821
0.00000084215791298463
0.000000847462126137206
0.000000852743582814757
0.00000085800118147954
0.000000863233568440092
0.00000086843963852368
0.00000087361803537837
0.000000878767650707301
0.000000883887125997913
0.000000888975350324991
0.000000894030963500315
0.000000899052852450087
0.000000904039655780341
0.000000908990258733612
0.000000913903299165286
0.000000918777661084929
0.00000092361198203782
0.000000928405145236563
0.000000933155788343806
0.000000937862794197237
0.000000942524800989974
0.000000947140691594085
0.000000951709105133394
0.000000956228924909946
0.000000960698791366297
0.000000965117588617692
0.000000969483958800206
0.000000973796787214396
0.000000978054718052629
0.000000982256638160185
0.000000986401194138232
0.000000990487274724905
0.000000994513529271084
0.0000009984788487451
0.00000100238188557776
0.00000100622153329532
0.00000100999644772853
0.00000101370552527821
0.0000010173474254863
0.00000102092104793548
0.00000102442505618012
0.00000102785835328336
0.00000103121960710468
0.00000103450772447716
0.00000103772137784968
0.00000104085947810658
0.00000104392070256242
0.0000010469039664267
0.0000010498079521476
0.00000105263157952632
0.00000105537353640596
0.00000105803274743875
0.00000106060790611689
0.0000010630979421961
0.00000106550155506617
0.00000106781767983232
0.00000107004502202363
0.00000107218252233539
0.00000107422889267254
0.00000107618307955454
0.00000107804380149363
0.00000107981001106292
0.00000108148043360763
0.00000108305402797934
0.00000108452952657768
0.00000108590589475251
0.00000108718187217472
0.00000108835643090854
0.00000108942831810873
0.00000109039651276575
0.00000109125976972772
0.00000109201707511914
0.00000109266719168704
0.00000109320911289484
0.00000109364160959115
0.0000010939636827797
0.00000109417411161013
0.00000109427190482522
0.00000109425585007245
0.00000109412496403001
0.00000109387804303707
0.00000109351411190083
0.00000109303197584465
0.00000109243066799589
0.00000109170900265183
0.00000109086602144991
0.00000108990054794924
0.00000108881163248476
0.00000108759810806389
0.00000108625903390486
0.00000108479325264868
0.00000108319983258125
0.00000108147762616026
0.00000107962571092261
0.00000107764294932528
0.00000107552842833783
0.00000107328102059746
0.00000107089982268756
0.00000106838371760604
0.00000106573181172949
0.00000106294299859615
0.00000106001639455488
0.00000105695090386288
0.00000105374565301956
0.00000105039955717894
0.00000104691175316883
0.00000104328116721733
0.00000103950694665759
0.00000103558802896898
0.00000103152357216615
0.00000102731252515611
0.00000102295405681175
0.00000101844712764307
0.00000101379091755671
0.00000100898439884192
0.00000100402676261401
0.000000998916993116835
0.000000993654292849315
0.000000988237658184845
0.000000982666303180522
0.000000976939236514324
0.000000971055683975606
0.00000096501466672102
0.000000958815422446766
0.000000952456984962102
0.000000945938604043671
0.000000939259326327568
0.000000932418413843749
0.000000925414926229199
0.000000918248137939934
0.000000910917121787251
0.000000903421164826369
0.000000895759353215536
0.000000887930986781496
0.000000879935165201941
0.000000871771201247475
0.000000863438208287568
0.000000854935512208045
0.00000084626224024189
0.000000837417731561386
0.000000828401127434756
0.000000819211780490693
0.000000809848846204085
0.00000080031169083008
0.000000790599484220187
0.000000780711606425783
0.000000770647241844634
0.000000760405784492944
0.000000749986433484592
0.000000739388596967969
0.000000728611488941538
0.000000717654531853481
0.000000706516954754205
0.000000695198194558014
0.000000683697495534809
0.000000672014309229731
0.000000660147895298471
0.000000648097720081592
0.000000635863058785327
0.00000062344339270958
0.000000610838012774889
0.000000598046415402815
0.000000585067907390857
0.000000571902000443792
0.000000558548017397952
0.000000545005485401221
0.000000531273743488683
0.000000517352334410349
0.000000503240613559556
0.000000488938139445254
0.000000474444283976946
0.000000459758621578068
0.000000444880540830999
0.000000429809632228085
0.000000414545301178477
0.000000399087154396647
0.000000383434614272139
0.000000367587303891786
0.000000351544662777158
0.000000335306330536887
0.000000318871763974162
0.000000302240619367011
0.000000285412370947768
0.000000268386691809583
0.00000025116307376017
0.000000233741206850715
0.000000216120600608968
0.000000198300962185541
0.000000180281818969658
0.000000162062895351609
0.00000014364373672151
0.000000125024084846387
0.000000106203503255346
0.0000000871817512270044
0.0000000679584105648761
0.0000000485332581918584
0.0000000289058943191669
0.00000000907611364420643
-0.0000000109564650832651
-0.0000000311920292634175
-0.0000000516309414796444
-0.0000000722733711042593
-0.0000000931196619278854
-0.000000114169965172134
-0.000000135424605711741
-0.000000156883716496738
-0.000000178547603365795
-0.000000200416380879894
-0.000000222490335723049
-0.00000024476956395255
-0.000000267254332982415
-0.000000289944720254226
-0.000000312840973799198
-0.000000335943152334034
-0.000000359251484397476
-0.000000382766009874606
-0.000000406486937704957
-0.000000430414288838491
-0.000000454548252511674
-0.000000478888830638613
-0.000000503436192651473
-0.000000528190321331139
-0.000000553151366207502
-0.000000578319290833577
-0.000000603694224741988
-0.00000062927611216648
-0.0000006550650625503
-0.000000681061000719788
-0.00000070726401593988
-0.000000733674013544248
-0.000000760291062534199
-0.000000787115048668227
-0.000000814146020601532
-0.000000841383844439332
-0.000000868828548410724
-0.0000008964799788922
-0.000000924338143611009
-0.00000095240286914223
-0.0000009806741426388
-0.00000100915177080533
-0.00000103783572015081
-0.00000106672577744356
-0.00000109582188848289
-0.00000112512382003864
-0.00000115463149713685
-0.00000118434466649035
-0.00000121426323229253
-0.00000124438692114315
-0.00000127471561634723
-0.00000130524902433939
-0.00000133598700748318
-0.0000013669292519996
-0.00000139807559926134
-0.00000142942571522997
-0.00000146097942024209
-0.00000149273635995759
-0.0000015246963336343
-0.0000015568589665925
-0.00000158922403697159
-0.00000162179114971777
-0.00000165456006181602
-0.0000016875303578069
-0.00000172070177348914
-0.0000017540738729696
-0.00000178764637083162
-0.00000182141881072386
-0.00000185539088598886
-0.00000188956211979647
-0.00000192393218422713
-0.00000195850058195304
-0.00000199326696377403
-0.00000202823081185151
-0.00000206339175568973
-0.00000209874925692798
-0.00000213430292376408
-0.00000217005219730796
-0.00000220599666444222
-0.00000224213574574456
-0.00000227846900677772
-0.00000231499584758681
-0.00000235171581241335
-0.00000238862828077312
-0.00000242573277558909
-0.00000246302865585451
-0.00000250051542317925
-0.0000025381924160437
-0.00000257605911475434
-0.00000261411483729231
-0.00000265235904267309
-0.00000269079102839575
-0.00000272941023220016
-0.00000276821593112434
-0.00000280720754165174
-0.00000284638432038304
-0.00000288574566256837
-0.00000292529080439764
-0.00000296501911991417
-0.00000300492982492722
-0.00000304502227230304
-0.00000308529565750458
-0.00000312574931225349
-0.00000316638241170336
-0.00000320719426646728
-0.00000324818403143037
-0.00000328935099613685
-0.00000333069429524662
-0.00000337221319727796
-0.0000034139068167132
-0.0000034557744010896
-0.00000349781504476306
-0.00000354002797433904
-0.00000358241226410069
-0.00000362496711977334
-0.00000366769159562507
-0.000003710584876557
-0.00000375364599688166
-0.00000379687412073492
-0.00000384026826253671
-0.00000388382756572006
-0.000003927551024879
-0.00000397143776280843
-0.00000401548675434585
-0.00000405969710171697
-0.00000410406776007534
-0.00000414859781114803
-0.00000419328619048172
-0.00000423813195937847
-0.00000428313403385725
-0.00000432829145487273
-0.00000437360311899713
-0.00000441906804691909
-0.00000446468511584963
-0.00000451045332629389
-0.00000455637153618975
-0.00000460243872594581
-0.00000464865373431789
-0.00000469501552170669
-0.00000474152290778036
-0.0000047881748330243
-0.00000483497009811543
-0.00000488190762371865
-0.00000492898619162078
-0.00000497620470276359
-0.00000502356192014594
-0.00000507105672508813
-0.00000511868786190586
-0.00000516645419240235
-0.00000521435444231885
-0.00000526238745404727
-0.00000531055193486552
-0.00000535884670786356
-0.00000540727046197017
-0.00000545582200108534
-0.00000550449999590505
-0.00000555330323125455
-0.00000560223035971618
-0.00000565128014715737
-0.00000570045122816997
-0.00000574974234978247
-0.00000579915212872154
-0.00000584867929329954
-0.00000589832244250449
-0.00000594808028605881
-0.00000599795140534207
-0.00000604793449161344
-0.00000609802810877678
-0.00000614823092975908
-0.00000619854150112358
-0.00000624895847759735
-0.00000629948038854058
-0.00000635010587061624
-0.00000640083343612102
-0.00000645166170379164
-0.00000650258916900487
-0.00000655361443271049
-0.00000660473597350965
-0.00000665595237470883
-0.00000670726209828027
-0.00000675866371003283
-0.00000681015565545986
-0.00000686173648301821
-0.00000691340462187523
-0.00000696515860328587
-0.00000701699684024528
-0.00000706891784695893
-0.00000712092002040577
-0.00000717300185789585
-0.00000722516174055147
-0.00000727739814894282
-0.00000732970944849743
-0.00000738209410320377
-0.00000743455046295757
-0.00000748707697532645
-0.00000753967197483962
-0.00000759233389280701
-0.00000764506104855927
-0.00000769785185731201
-0.00000775070462336779
-0.00000780361774601548
-0.0000078565895147007
-0.00000790961831295437
-0.00000796270241553895
-0.00000801584019039877
-0.00000806902989778819
-0.00000812226989023828
-0.00000817555841367331
-0.0000082288938053856
-0.00000828227429714941
-0.00000833569821119462
-0.00000838916376532668
-0.00000844266926689228
-0.00000849621291991212
-0.00000854979301702928
-0.00000860340774866494
-0.00000865705539294149
-0.00000871073412686733
-0.00000876444221422842
-0.00000881817781880948
-0.00000887193919024565
-0.00000892572447928851
-0.00000897953192161017
-0.00000903335965512183
-0.00000908720590172129
-0.00000914106878667379
-0.00000919494651829368
-0.00000924883720939588
-0.00000930273905490418
-0.00000935665015538058
-0.00000941056869255233
-0.00000946449275492742
-0.00000951842051123263
-0.00000957235003812222
-0.00000962627949152015
-0.00000968020693642928
-0.00000973413051616895
-0.00000978804828429457
-0.00000984195837172092
-0.00000989585882076164
-0.00000994974775012887
-0.0000100036231911002
-0.0000100574832503889
-0.0000101113259484445
-0.0000101651493801855
-0.0000102189515554438
-0.0000102727305575484
-0.0000103264843859242
-0.0000103802111125184
-0.0000104339087265607
-0.0000104875752888255
-0.0000105412087785605
-0.000010594807245577
-0.0000106483686593558
-0.0000107018910589555
-0.0000107553724043065
-0.0000108088107239273
-0.0000108622039684144
-0.0000109155501559602
-0.0000109688472280456
-0.0000110220931927511
-0.0000110752859826621
-0.0000111284235959623
-0.0000111815039565629
-0.0000112345250529677
-0.000011287484800635
-0.0000113403811786068
-0.0000113932120941114
-0.0000114459755169477
-0.0000114986693463385
-0.0000115512915430591
-0.0000116038399985514
-0.0000116563126647889
-0.0000117087074256578
-0.0000117610222245519
-0.0000118132549380286
-0.0000118654035011243
-0.0000119174657832963
-0.0000119694397114467
-0.000012021323148161
-0.0000120731140124331
-0.0000121248101602047
-0.0000121764095027867
-0.0000122279098897088
-0.0000122793092248245
-0.0000123306053514824
-0.0000123817961663054
-0.0000124328795066939
-0.0000124838532622673
-0.0000125347152647103
-0.000012585463396868
-0.0000126360954849423
-0.0000126866094052337
-0.0000127370029786953
-0.000012787274075312
-0.0000128374205110235
-0.0000128874401497305
-0.0000129373308025942
-0.0000129870903276617
-0.000013036716531552
-0.0000130862072666903
-0.0000131355603353912
-0.0000131847735846887
-0.0000132338448128308
-0.0000132827718616939
-0.0000133315525256963
-0.0000133801846417905
-0.0000134286660008034
-0.0000134769944349972
-0.0000135251677318466
-0.0000135731837191575
-0.0000136210401812919
-0.0000136687349418341
-0.0000137162657822729
-0.0000137636305222067
-0.0000138108269404906
-0.0000138578528529725
-0.0000139047060361153
-0.0000139513843022516
-0.0000139978854256932
-0.0000140442072154934
-0.0000140903474440538
-0.0000141363039173861
-0.0000141820744062226
-0.00001422765671377
-0.0000142730486093335
-0.0000143182478935515
-0.0000143632523345451
-0.000014408059730621
-0.000014452667848958
-0.0000144970744857701
-0.000014541277407536
-0.0000145852744086135
-0.0000146290632550259
-0.0000146726417395114
-0.0000147160076278813
-0.0000147591587114923
-0.0000148020927561864
-0.0000148448075521782
-0.0000148873008655826
-0.0000149295704857104
-0.0000149716141791936
-0.0000150134297346767
-0.0000150550149195527
-0.0000150963675220385
-0.0000151374853105313
-0.0000151783660730593
-0.0000152190075792671
-0.0000152594076172329
-0.0000152995639580922
-0.0000153394743902119
-0.0000153791366864623
-0.0000154185486357371
-0.0000154577080128846
-0.000015496612607565
-0.000015535260196848
-0.0000155736485713976
-0.0000156117755107493
-0.0000156496388068091
-0.0000156872362418221
-0.0000157245656091739
-0.0000157616246940632
-0.0000157984112915933
-0.0000158349231901599
-0.000015871158186821
-0.0000159071140734135
-0.0000159427886491881
-0.0000159781797096652
-0.0000160132850565265
-0.0000160481024892186
-0.0000160826298120916
-0.0000161168648287609
-0.0000161508053464829
-0.0000161844491732838
-0.0000162177941195632
-0.0000162508379980014
-0.0000162835786223769
-0.0000163160138102667
-0.0000163481413790653
-0.000016379959151488
-0.000016411464948781
-0.0000164426565990398
-0.0000164735319275988
-0.0000165040887681749
-0.0000165343249504262
-0.0000165642383139324
-0.0000165938266929105
-0.0000166230879330437
-0.0000166520198733433
-0.0000166806203658365
-0.0000167088872545635
-0.0000167368183981358
-0.0000167644116458561
-0.0000167916648631614
-0.0000168185759048505
-0.000016845142643425
-0.0000168713629394133
-0.0000168972346726211
-0.0000169227557095398
-0.0000169479239375177
-0.0000169727372292424
-0.0000169971934798427
-0.000017021290568435
-0.0000170450263981667
-0.0000170683988548151
-0.0000170914058497832
-0.0000171140452757412
-0.0000171363150525856
-0.0000171582130801092
-0.000017179737286939
-0.0000172008855802221
-0.0000172216558975518
-0.0000172420461536589
-0.0000172620542953396
-0.0000172816782451375
-0.0000173009159592881
-0.0000173197653683764
-0.0000173382244383117
-0.0000173562911079499
-0.0000173739633531082
-0.0000173912391211408
-0.000017408116398008
-0.0000174245931397893
-0.000017440667342822
-0.0000174563369721375
-0.0000174716000346832
-0.0000174864545046692
-0.0000175008983998851
-0.0000175149297039465
-0.0000175285464457162
-0.000017541746618441
-0.0000175545282622888
-0.0000175668893803622
-0.000017578828024365
-0.0000175903422074803
-0.0000176014299931778
-0.000017612089404945
-0.0000176223185182471
-0.0000176321153670994
-0.0000176414780391925
-0.0000176504045792908
-0.0000176588930875398
-0.0000176669416196751
-0.0000176745482885247
-0.0000176817111610172
-0.0000176884283628908
-0.0000176946979724875
-0.000017700518128683
-0.0000177058869214531
-0.0000177108025030369
-0.0000177152629752636
-0.0000177192665039623
-0.0000177228112030335
-0.0000177258952521222
-0.0000177285167774188
-0.0000177306739726084
-0.0000177323649763889
-0.0000177335879967101
-0.000017734341184994
-0.0000177346227636787
-0.0000177344308971272
-0.0000177337638224882
-0.0000177326197172821
-0.0000177309968335894
-0.0000177288933623035
-0.0000177263075706597
-0.0000177232376631375
-0.0000177196819223481
-0.0000177156385665717
-0.0000177111058940151
-0.0000177060821369729
-0.0000177005656094676
-0.0000176945545580198
-0.0000176880473126881
-0.0000176810421344304
-0.0000176735373695593
-0.0000176655312936824
-0.0000176570222695842
-0.0000176480085877325
-0.0000176384886276005
-0.0000176284606947262
-0.0000176179231854893
-0.000017606874420706
-0.000017595312813879
-0.000017583236701312
-0.0000175706445138455
-0.0000175575346034787
-0.0000175439054186052
-0.0000175297553271265
-0.000017515082795204
-0.0000174998862068475
-0.0000174841640462003
-0.0000174679147135867
-0.000017451136711344
-0.0000174338284563168
-0.0000174159884692496
-0.0000173976151837106
-0.0000173787071390633
-0.0000173592627858045
-0.0000173392806821274
-0.0000173187592956603
-0.0000172976972036362
-0.0000172760928910184
-0.0000172539449542899
-0.0000172312518959497
-0.0000172080123319407
-0.0000171842247824988
-0.0000171598878832353
-0.0000171350001723241
-0.0000171095603052522
-0.0000170835668383314
-0.0000170570184471327
-0.0000170299137063044
-0.0000170022513117078
-0.0000169740298565268
-0.0000169452480571194
-0.0000169159045254025
-0.0000168859979984364
-0.0000168555271070685
-0.0000168244906092662
-0.0000167928871550034
-0.0000167607155233594
-0.0000167279743836309
-0.0000166946625362123
-0.0000166607786699176
-0.0000166263216066601
-0.0000165912900549661
-0.0000165556828584696
-0.0000165194987456029
-0.0000164827365819231
-0.000016445395115961
-0.0000164074732353985
-0.0000163689697090573
-0.0000163298834469447
-0.0000162902132383656
-0.0000162499580158521
-0.0000162091165893836
-0.0000161676879142163
-0.0000161256708211945
-0.000016083064288498
-0.0000160398671680256
-0.0000159960784610784
-0.0000159516970407987
-0.0000159067219318074
-0.000015861152028679
-0.0000158149863795502
-0.000015768223900615
-0.0000157208636637236
-0.0000156729046068768
-0.0000156243458258333
-0.0000155751862805877
-0.0000155254250910021
-0.0000154750612392506
-0.0000154240938694935
-0.0000153725219862696
-0.0000153203447582316
-0.0000152675612124673
-0.0000152141705423157
-0.000015160171797597
-0.0000151055641965292
-0.0000150503468118481
-0.0000149945188868436
-0.0000149380795173491
-0.0000148810279719176
-0.000014823363369663
-0.0000147650850045923
-0.0000147061920192814
-0.0000146466837333808
-0.000014586559313109
-0.0000145258181039508
-0.000014464459295947
-0.0000144024822606053
-0.0000143398862119691
-0.0000142766705477576
-0.0000142128345061948
-0.0000141483775113999
-0.0000140832988259557
-0.0000140175979005689
-0.0000139512740223583
-0.0000138843266688049
-0.0000138167551517408
-0.0000137485589756071
-0.0000136797374771253
-0.0000136102901878843
-0.0000135402164696683
-0.0000134695158813989
-0.0000133981878100991
-0.000013326231842208
-0.0000132536473901613
-0.0000131804340680995
-0.0000131065913140448
-0.0000130321187700225
-0.0000129570158998134
-0.0000128812823735128
-0.0000128049176808308
-0.000012727921520114
-0.0000126502934071758
-0.0000125720330687954
-0.00001249314004706
-0.0000124136140973627
-0.0000123334547882346
-0.0000122526619038644
-0.0000121712350393968
-0.000012089174007995
-0.000012006478431588
-0.0000119231481524928
-0.0000118391828195898
-0.000011754582304531
-0.0000116693462833158
-0.0000115834746571088
-0.0000114969671291956
-0.0000114098236304318
-0.0000113220438915564
-0.0000112336278732934
-0.0000111445753340004
-0.0000110548862644486
-0.0000109645604507773
-0.0000108735979139819
-0.0000107819984681502
-0.0000106897621646758
-0.0000105968888457596
-0.0000105033785933691
-0.000010409231277982
-0.0000103144470123142
-0.0000102190256952831
-0.0000101229674705285
-0.0000100262722655683
-0.0000099289402551405
-0.00000983097139552645
-0.00000973236589273536
-0.00000963312373197258
-0.00000953324515069136
-0.00000943273016318164
-0.00000933157903851398
-0.00000922979182022232
-0.00000912736880916597
-0.00000902431007828335
-0.00000892061596039362
-0.00000881628655799736
-0.00000871132223604597
-0.00000860572312676032
-0.00000849948962739379
-0.0000083926219000458
-0.00000828512037444181
-0.00000817698524271503
-0.00000806821696723471
-0.00000795881577032429
-0.00000784878214716499
-0.00000773811635042668
-0.00000762681890827082
-0.00000751489010386988
-0.00000740233049853339
-0.00000728914040609113
-0.00000717532042116823
-0.000007060870888406
-0.00000694579243591289
-0.00000683008543929528
-0.00000671375056031261
-0.00000659678820568748
-0.00000647919907099753
-0.00000636098359423505
-0.00000624214250496108
-0.00000612267627259066
-0.00000600258566083293
-0.00000588187117067585
-0.00000576053360014424
-0.0000056385734819479
-0.00000551599164859356
-0.00000539278866466326
-0.00000526896539730869
-0.00000514452244313483
-0.00000501946070410181
-0.00000489378080898764
-0.00000476748369472425
-0.00000464057002241045
-0.00000451304076411352
-0.00000438489661340178
-0.00000425613857764088
-0.00000412676738301512
-0.00000399678407235216
-0.00000386618940459868
-0.00000373498445820607
-0.00000360317002503049
-0.0000034707472193088
-0.00000333771686595242
-0.00000320408011514459
-0.0000030698378249977
-0.00000293499118180194
-0.0000027995410770167
-0.00000266348873319938
-0.00000252683507529863
-0.00000238958136230096
-0.00000225172855278801
-0.00000211327794233512
-0.00000197423052330028
-0.00000183458762800606
-0.00000169435028272997
-0.00000155351985670122
-0.00000141209741025793
-0.00000127008434969498
-0.00000112748176955297
-0.000000984291113350365
-0.000000840513509971243
-0.000000696150440314363
-0.000000551203067749193
-0.000000405672910711788
-0.000000259561167195095
-0.000000112869393330385
0.0000000344011781266901
0.000000182248953193285
0.000000330672664212477
0.000000479670679194528
0.000000629241695443029
0.000000779384042805236
0.000000930096383409896
0.00000108137700878601
0.00000123322454574952
0.00000138563724735703
0.00000153861370497749
0.00000169215213304094
0.00000184625108733297
0.00000200090874350462
0.0000021561236216245
0.00000231189385841052
0.00000246821793808296
0.00000262509395827393
0.0000027825203672209
0.00000294049522332026
0.00000309901693869598
0.00000325808353235715
0.00000341769338018291
0.0000035778444616453
0.00000373853511624999
0.00000389976328378155
0.00000406152726724319
0.00000422382496658462
0.00000438665464817837
0.00000455001417199203
0.00000471390176764115
0.00000487831525496332
0.00000504325282669256
0.000005208712262391
0.00000537469171778627
0.00000554118893202125
0.00000570820202369366
0.00000587572869138323
0.00000604376701643768
0.00000621231465672992
0.0000063813696562378
0.00000655092963198633
0.00000672099259046482
0.00000689155610771181
0.0000070626181526093
0.00000723417626007126
0.00000740622836125837
0.00000757877194982145
0.00000775180491908695
0.00000792532472130785
0.00000809932921186432
0.00000827381580147752
0.00000844878230747148
0.00000862422609890388
0.00000880014495493576
0.00000897653620283042
0.00000915339758348072
0.0000093307263822275
0.00000950852030159297
0.00000968677658486967
0.00000986549289610719
0.0000100446664364271
0.00001022429483131
0.0000104043752395821
0.0000105849052480613
0.0000107658819731605
0.0000109473029629411
0.0000111291652912883
0.0000113114664674164
0.0000114942035225694
0.0000116773739270302
0.0000118609746692894
0.0000120450031806169
0.0000122294564066426
0.0000124143317395439
0.0000125996260819873
0.0000127853367869805
0.0000129714607141273
0.0000131579951771957
0.0000133449369926282
0.0000135322834348861
0.0000137200312771585
0.0000139081777545365
0.0000140967195968685
0.0000142856539998162
0.0000144749776498009
0.0000146646877030039
0.0000148547808023406
0.0000150452540644609
0.0000152361040886994
0.0000154273279521329
0.0000156189222104444
0.0000158108839010997
0.0000160032095360639
0.0000161958961131625
0.0000163889401005832
0.0000165823384564824
0.0000167760876052195
0.000016970184465261
0.0000171646254170907
0.0000173594073394724
0.0000175545265689724
0.0000177499799446452
0.0000179457637591052
0.0000181418748116998
0.0000183383093510623
0.0000185350641368407
0.0000187321353736685
0.000018929519781509
0.0000191272135209817
0.0000193252132723909
0.0000195235151523369
0.0000197221158014968
0.0000199210112924542
0.0000201201982262986
0.0000203196726316108
0.0000205194310699431
0.00002071946952589
0.000020919784521528
0.0000211203719974942
0.0000213212284364592
0.0000215223497351401
0.0000217237323368804
0.0000219253720945269
0.0000221272654121837
0.0000223294080988859
0.0000225317965195993
0.0000227344264396158
0.0000229372941848746
0.0000231403954770034
0.0000233437266030362
0.0000235472832410293
0.0000237510616392462
0.0000239550574322715
0.0000241592668297479
0.0000243636854229009
0.0000245683093829107
0.0000247731342577717
0.0000249781561803733
0.0000251833706556176
0.0000253887737782884
0.0000255943610103459
0.0000258001284086697
0.0000260060713924428
0.0000262121859808512
0.000026418467550481
0.0000266249120830535
0.0000268315149127469
0.0000270382719840612
0.0000272451785889748
0.0000274522306350217
0.0000276594233722012
0.0000278667526713548
0.0000280742137407394
0.0000282818024147906
0.0000284895138602744
0.0000286973438755242
0.0000289052875860814
0.0000291133407544986
0.0000293214984653746
0.0000295297564458176
0.0000297381097397816
0.0000299465540392835
0.0000301550843479484
0.0000303636963230717
0.0000305723849282795
0.0000307811457865359
0.0000309899738218134
0.0000311988646231498
0.0000314078130752296
0.0000316168147335865
0.0000318258644439989
0.0000320349577289363
0.0000322440893956686
0.0000324532549340618
0.0000326624491132916
0.0000328716673910958
0.000033080904498991
0.0000332901558630807
0.0000334994161776717
0.0000337086808377465
0.0000339179445008698
0.0000341272025314336
0.0000343364495507453
0.0000345456808931559
0.0000347548911442167
0.0000349640756088047
0.0000351732288372345
0.0000353823461054935
0.0000355914219291955
0.0000358004515560424
0.0000360094294674987
0.0000362183508835993
0.0000364272102522311
0.0000366360027663983
0.0000368447228409956
0.0000370533656426511
0.0000372619255538677
0.000037470397715569
0.0000376787764784819
0.0000378870569585134
0.0000380952334752458
0.0000383033011202707
0.0000385112541826726
0.0000387190877304464
0.0000389267960228371
0.0000391343741049759
0.0000393418162069406
0.0000395491173517439
0.0000397562717409838
0.0000399632743763126
0.000040170119431544
0.0000403768018877421
0.0000405833158916445
0.0000407896564045073
0.0000409958175467112
0.0000412017942604978
0.0000414075806406144
0.0000416131716110915
0.0000418185612417768
0.0000420237444392986
0.0000422287152493456
0.0000424334685619611
0.0000426379983994186
0.0000428422996359999
0.0000430463662713113
0.0000432501931646999
0.0000434537742938553
0.0000436571045040183
0.0000438601777517137
0.0000440629888689072
0.0000442655317917068
0.0000444678013396333
0.0000446697914291266
0.0000448714968680873
0.00004507291155403
0.0000452740302840594
0.000045474846937498
0.0000456753563014717
0.0000458755522378376
0.0000460754295245499
0.0000462749820067178
0.0000464742044539192
0.0000466730906952154
0.0000468716354925965
0.0000470698326597595
0.0000472676769518736
0.0000474651621679421
0.0000476622830570636
0.0000478590334041941
0.000048055407953091
0.0000482514004752866
0.0000484470057099038
0.0000486422174156478
0.0000488370303276863
0.0000490314381924651
0.0000492254357418489
0.0000494190167105584
0.0000496121758277726
0.0000498049068169867
0.0000499972044052777
0.0000501890623053752
0.0000503804752427981
0.000050571436919927
0.0000507619420612278
0.0000509519843591036
0.0000511415585374202
0.0000513306582789293
0.0000515192783073047
0.000051707412295913
0.0000518950549685916
0.0000520821999895349
0.0000522688420830427
0.0000524549749042902
0.0000526405931782747
0.0000528256905512395
0.0000530102617490542
0.0000531943004090499
0.0000533778012580712
0.0000535607579244839
0.0000537431651361415
0.0000539250165123139
0.0000541063067818177
0.0000542870295546171
0.0000544671795603677
0.0000546467503994309
0.0000548257368020913
0.000055004132358723
0.0000551819317999407
0.0000553591287056526
0.0000555357178064106
0.0000557116926710792
0.0000558870480296597
0.000056061777439293
0.0000562358756288379
0.0000564093361429255
0.000056582153708575
0.0000567543218570112
0.0000569258353126061
0.0000570966875921647
0.0000572668734164905
0.0000574363862868375
0.0000576052209193988
0.0000577733707986216
0.0000579408306349263
0.0000581075938945707
0.0000582736552809114
0.0000584390082405012
0.0000586036474682131
0.0000587675663892448
0.0000589307596884289
0.0000590932207678186
0.0000592549443005143
0.0000594159236634899
0.0000595761535162788
0.0000597356272086977
0.0000598943393847318
0.0000600522833648109
0.0000602094537752458
0.0000603658439046954
0.0000605214483595189
0.0000606762603940655
0.0000608302745923113
0.0000609834841715973
0.0000611358836909314
0.0000612874663277875
0.0000614382266134588
0.000061588157682533
0.000061737254035683
0.0000618855087614253
0.0000620329163267455
0.0000621794697707384
0.0000623251635234752
0.0000624699905711083
0.0000626139453034048
0.0000627570206498898
0.0000628992109564718
0.0000630405090921949
0.0000631809093553937
0.0000633204045506104
0.0000634589889247261
0.000063596655213595
0.0000637333976086067
0.0000638692087725742
0.0000640040828371979
0.0000641380123877359
0.0000642709914918431
0.0000644030126525489
0.0000645340698689553
0.0000646641555570301
0.0000647932636426639
0.0000649213864497781
0.0000650485178262504
0.00006517464999882
0.0000652997767324085
0.0000654238901512961
0.000065546983932371
0.0000656690500920395
0.0000657900822139496
0.0000659100722010903
0.0000660290135385447
0.0000661468980102157
0.0000662637189971841
0.0000663794681584854
0.0000664941387656602
0.0000666077223469888
0.0000667202120588395
0.0000668315992927585
0.0000669418770842285
0.0000670510366819998
0.0000671590709948878
0.0000672659711227146
0.00006737172984179
0.0000674763380968213
0.0000675797885257327
0.0000676820719118864
0.0000677831807489183
0.0000678831056525872
0.0000679818389663281
0.000068079371132033
0.0000681756943370293
0.0000682707988430851
0.0000683646766755432
0.0000684573179098207
0.000068548714403447
0.0000686388560393078
0.0000687277345013583
0.0000688153394738444
0.0000689016624614775
0.0000689866929438521
0.00006907042224088
0.0000691528396216083
0.0000692339362157362
0.0000693137010760114
0.0000693921251366766
0.0000694691972285969
0.0000695449080855124
0.0000696192463110191
0.0000696922024335315
0.0000697637648242241
0.0000698339238016158
0.0000699026674995656
0.0000699699860224178
0.0000700358672621129
0.0000701003011048613
0.0000701632751964074
0.0000702247792012282
0.0000702848005149541
0.0000703433285771179
0.0000704003505297177
0.000070455855584563
0.0000705098306269361
0.0000705622646386102
0.0000706131442455423
0.0000706624581976677
0.0000707101928595192
0.0000707563367479462
0.000070800875964516
0.0000708437987923326
0.0000708850910690527
0.0000709247408440147
0.0000709627336906695
0.0000709990574252425
0.0000710336973573689
0.0000710666410715487
0.0000710978736147193
0.0000711273823418187
0.0000711551520389881
0.0000711811698345896
0.0000712054202566889
0.000071227890210935
0.0000712485639709226
0.0000712674282243641
0.0000712844669949119
0.0000712996667580937
0.0000713130112931246
0.0000713244868701213
0.0000713340770303933
0.0000713417678464942
0.0000713475426294333
0.0000713513872631778
0.000071353284837171
0.0000713532210569498
0.0000713511788003045
0.000071347143605723
0.0000713410981504898
0.0000713330278187105
0.0000713229150995859
0.0000713107452368482
0.000071296500545366
0.0000712801661438841
0.0000712617241880831
0.000071241159688541
0.0000712184546583215
0.0000711935940181503
0.0000711665596565215
0.0000711373364241558
0.0000711059061045533
0.0000710722534998681
0.0000710363603097454
0.000070998211310843
0.0000709577881417159
0.0000709150755782594
0.0000708700552223703
0.0000708227118756334
0.0000707730271294099
0.0000707209858391944
0.0000706665696136675
0.0000706097633922546
0.0000705505488305835
0.0000704889109838578
0.0000704248315860878
0.0000703582958419663
0.0000702892855971587
0.0000702177862414518
0.0000701437797672885
0.0000700672517870815
0.0000699881844770535
0.000069906563711707
0.0000698223718899444
0.0000697355951897888
0.0000696462162736247
0.0000695542216663876
0.0000694595943366678
0.000069362321201688
0.0000692623855808754
0.0000691597748310859
0.0000690544726691384
0.0000689464669408433
0.0000688357418088498
0.0000687222856592192
0.0000686060831507566
0.0000684871232630008
0.0000683653912031069
0.0000682408765992424
0.0000681135652609219
0.000067983447521984
0.0000678505098501003
0.0000677147433436688
0.000067576135186058
0.0000674346773009117
0.0000672903576465103
0.0000671431690341716
0.0000669931002579241
0.0000668401450808558
0.0000666842931951086
0.0000665255393812539
0.0000663638742933533
0.0000661992937966806
0.0000660317895723801
0.0000658613586390581
0.0000656879937713537
0.0000655116932111405
0.0000653324508940759
0.0000651502663564318
0.0000649651347633989
0.0000647770570178219
0.0000645860295837907
0.0000643920548038053
0.0000641951305109004
0.0000639952605610747
0.0000637924442268629
0.0000635866869521878
0.0000633779895199648
0.0000631663590368643
0.0000629517978671931
0.0000627343148553894
0.0000625139140180743
0.0000622906060124675
0.0000620643965780998
0.0000618352982597493
0.0000616033185898935
0.0000613684720751644
0.0000611307681101899
0.00006089022323702
0.0000606468487805328
0.0000604006633907493
0.0000601516803894973
0.0000598999206060327
0.0000596453994241127
0.0000593881399218958
0.000059128159608015
0.0000588654838772753
0.0000586001324237443
0.0000583321330243704
0.0000580615076164614
0.0000577882864220063
0.0000575124936762297
0.0000572341621060859
0.000056953318295864
0.000056669997534061
0.0000563842288012322
0.0000560960500002463
0.0000558054925507445
0.0000555125970186391
0.000055217397300649
0.000054919936669807
0.0000546202515326065
0.0000543183879082495
0.0000540143847399123
0.0000537082908265293
0.0000534001476685802
0.0000530900068723381
0.0000527779125094024
0.0000524639190145517
0.0000521480730369775
0.0000518304318541995
0.0000515110446915815
0.000051189971676181
0.0000508672645996505
0.0000505429864374361
0.0000502171915285522
0.0000498899456872054
0.0000495613057712123
0.0000492313404149096
0.000048900108956103
0.0000485676828210906
0.0000482341237779887
0.0000478995060068101
0.0000475638936447989
0.0000472273635768165
0.0000468899822359068
0.0000465518291517554
0.0000462129729670739
0.0000458734957846521
0.0000455334683572751
0.0000451929752768862
0.0000448520892926145
0.000044510897388851
0.0000441694741825302
0.0000438279089405183
0.0000434862780035152
0.0000431446727971317
0.0000428031712256116
0.0000424618667353247
0.0000421208386169629
0.0000417801821849831
0.000041439977921847
0.0000411003228422958
0.0000407612984076239
0.0000404230031495265
0.0000400855192762232
0.0000397489466371555
0.0000394133679358927
0.0000390788841242287
0.0000387455781291257
0.0000384135517728976
0.0000380828879128712
0.0000377536889933913
0.0000374260374873417
0.0000371000361958421
0.0000367757668700218
0.0000364533323857135
0.0000361328134117521
0.0000358143125998525
0.0000354979091520628
0.0000351837051805401
0.0000348717780113349
0.0000345622288852801
0.0000342551328177161
0.0000339505898304824
0.0000336486721671782
0.0000333494782676604
0.0000330530771155557
0.0000327595651912229
0.0000324690077019398
0.0000321814987775142
0.0000318970993033204
0.0000316159006553025
0.0000313379588210139
0.000031063362008545
0.0000307921607000206
0.0000305244395129455
0.0000302602427831688
0.0000299996511085127
0.00002974270200263
0.0000294894716111068
0.0000292399899121931
0.000028994328166764
0.0000287525080645113
0.0000285145955534885
0.0000282806032384375
0.0000280505913360724
0.0000278245625225015
0.0000276025708805261
0.0000273846082615887
0.000027170722235697
0.0000269608928749323
0.0000267551608907577
0.0000265534935546263
0.000026355924418377
0.0000261624068550598
0.0000259729670145839
0.0000257875431848605
0.0000256061539475979
0.0000254287212142335
0.0000252552559292187
0.0000250856622118886
0.0000249199434237539
0.0000247579843271134
0.0000245997809109389
0.00002444519683392
0.0000242942211209112
0.0000241466943555472
0.0000240025992610414
0.0000238617510888317
0.000023724127256481
0.0000235895150489825
0.000023457888028691
0.0000233290023560896
0.0000232028298387122
0.0000230790915860536
0.0000229577607231453
0.0000228385182122595
0.0000227213430493887
0.000022605869169974
0.0000224920882157265
0.0000223795775769816
0.0000222683515286086
0.0000221579176372721
0.0000220483272999115
0.0000219389997539856
0.0000218300442021648
0.0000217207658853728
0.000021611360969647
0.0000215009849155135
0.0000213899634424847
0.0000212772453055149
0.0000211633696694768
0.0000210469328683475
0.0000209289511906712
0.0000208072581275029
0.0000206835527938832
0.0000205571395184381
0.0000204988093268142
0.000020879175062615
0.0000221076888181793
0.000024553464636552
0.0000285531052504375
0.0000344052714675531
0.0000423780021762651
0.0000527059097668459
0.0000655953000928335
0.0000812226992619237
0.0000997388866218731
0.000121268098748651
0.000145911356099193
0.000173746102105064
0.000204829005526293
0.000239195892291374
0.000276864146531364
0.000317832835577017
0.000362084798227652
0.000409586892642628
0.000460291835528367
0.000514138524052671
0.000571053671590052
0.000630952170201743
0.000693738555722291
0.000759307388194598
0.000827544570193289
0.000898327729972063
0.000971527410987977
0.0010470074473775
0.00112462603875245
0.0012042361108192
0.0012856862869143
0.00136882122875136
0.00145348251434092
0.00153950895539389
0.00162673738992102
0.00171500297396998
0.0018041398961554
0.00189398164228751
0.00198436163824827
0.00207511348675703
0.00216607154432589
0.00225707112994814
0.00234794904130036
0.00243854373556398
0.00252869578956733
0.00261824805328271
0.00270704605819985
0.00279493814429784
0.00288177582059824
0.00296741386660695
0.00305171064869868
0.00313452819717044
0.00321573248184978
0.00329519346600798
0.00337278534435563
0.00344838657513716
0.0035218800834729
0.00359315327300369
0.00366209819735408
0.0037286115527211
0.00379259482006497
0.00385395424004412
0.00391260092838492
0.00396845083455865
0.00402142483263804
0.00407144866509411
0.00411845301131296
0.00416237341786332
0.00420315034672077
0.00424072909332216
0.0042750598164251
0.00430609744522508
0.00433380169266478
0.00435813695284436
0.00437907229948749
0.00439658137482669
0.00441064237482984
0.00442123793069105
0.00442835508232313
0.00443198515353103
0.00443212371518154
0.00442877045508167
0.00442192913214651
0.00441160744194955
0.004397816963123
0.00438057301949132
0.00435989461985524
0.00433580431756424
0.0043083281447558
0.00427749547016733
0.00424333892882584
0.00420589427884548
0.00416520032748951
0.00412129878764618
0.00407423420111484
0.00402405379540047
0.00397080740500885
0.00391454732914906
0.00385532825175845
0.00379320710065298
0.00372824296694167
0.0036604969661167
0.00359003215745862
0.0035169134075119
0.00344120731002679
0.00336298205222148
0.00328230733575367
0.00319925424612792
0.00311389517513989
0.00302630369374651
0.00293655447637849
0.0028447231775521
0.00275088635840049
0.00265512136726877
0.00255750626877248
0.00245811972858241
0.00235704094527851
0.00225434953949777
0.00215012548881424
0.00204444902139183
0.00193740055408585
0.00182906059071314
0.00171950966353756
0.00160882823624199
0.0014970966489293
0.00138439502585519
0.00127080322404721
0.00115640074583307
0.00104126669115393
0.000925479674900292
0.000809117782970807
0.000692258494407334
0.0005749786412276
0.000457354335331857
0.000339460932116715
0.000221372962108261
0.000103164098345087
-0.000015092907323291
-0.000133326253113815
-0.000251465146421874
-0.000369439829004758
-0.000487181631592897
-0.000604622995439549
-0.000721697522531936
-0.000838339993580369
-0.000954486413940441
-0.00107007402812644
-0.00118504136156504
-0.00129932823172817
-0.00141287578584677
-0.0015256265087674
-0.00163752425676153
-0.00174851426221809
-0.0018585431636898
-0.00196755900754056
-0.00207551127437522
-0.00218235087776654
-0.00228803018721875
-0.00239250302410351
-0.00249572468131076
-0.00259765191652694
-0.00269824296872895
-0.00279745754894069
-0.00289525685372753
-0.00299160355356944
-0.0030864618035141
-0.00317979722930627
-0.00327157693535771
-0.00336176948877323
-0.00345034492479511
-0.00353727472886616
-0.0036225318397054
-0.00370609062954786
-0.00378792690500659
-0.00386801788562797
-0.003946342202693
-0.00402287987622514
-0.0040976123118815
-0.00417052227654821
-0.00424159389346904
-0.00431081261656089
-0.00437816522392415
-0.0044436397910081
-0.00450722568264374
-0.0045689135251856
-0.00462869519720405
-0.00468656380072652
-0.00474251365072216
-0.00479654024556188
-0.00484864025542388
-0.00489881149208785
-0.00494705289638553
-0.00499336450744038
-0.0050377474492825
-0.00508020389964092
-0.0051207370758374
-0.00515935120323411
-0.00519605150051608
-0.00523084414789227
-0.00526373627187172
-0.00529473591331147
-0.00532385201178625
-0.00535109437357225
-0.00537647365570525
-0.00540000133398441
-0.00542168968680871
-0.00544155176328037
-0.00545960136690455
-0.00547585302386713
-0.0054903219666777
-0.0055030241026919
-0.00551397599777272
-0.00552319484512295
-0.00553069844903507
-0.00553650519409477
-0.00554063402908476
-0.00554310443661605
-0.00554393641724626
-0.0055431504595908
-0.00554076752471189
-0.00553680901675724
-0.00553129676767155
-0.00552425300840625
-0.00551570035400064
-0.00550566177540221
-0.00549416058496038
-0.00548122040889284
-0.00546686517323081
-0.00545111907696293
-0.00543400657846693
-0.00541555236935893
-0.00539578136144244
-0.00537471866128739
-0.00535238955772381
-0.00532881949717125
-0.00530403407170089
-0.00527805899513278
-0.00525092009168677
-0.00522264327286178
-0.00519325452669259
-0.00516277989542229
-0.00513124546537899
-0.0050986773454497
-0.00506510165758788
-0.00503054451609444
-0.00499503201876423
-0.00495859022697705
-0.00492124515748869
-0.00488302276333242
-0.00484394892625763
-0.00480404943843992
-0.00476334999556799
-0.00472187617935836
-0.00467965345128901
-0.00463670713591264
-0.0045930624152335
-0.00454874431281123
-0.00450377768877533
-0.00445818722471001
-0.0044119974192989
-0.0043652325739796
-0.00431791678920977
-0.00427007395087853
-0.00422172772718342
-0.00417290155578458
-0.00412361864128072
-0.00407390194309064
-0.00402377417351511
-0.00397325778632924
-0.00392237497541603
-0.00387114766405203
-0.00381959750409732
-0.00376774586595608
-0.00371561383830672
-0.00366322221871824
-0.00361059151390355
-0.0035577419309717
-0.0035046933781867
-0.0034514654568352
-0.00339807746247247
-0.0033445483773847
-0.00329089687230324
-0.00323714129944019
-0.00318329969465179
-0.00312938977102561
-0.00307542892147347
-0.00302143421284846
-0.00296742238894763
-0.00291340986513673
-0.00285941273174273
-0.00280544674916424
-0.00275152735163378
-0.00269766964279175
-0.00264388839979837
-0.00259019806934922
-0.00253661277211669
-0.00248314629918523
-0.00242981211680234
-0.00237662336321174
-0.00232359285369415
-0.00227073307777681
-0.0022180562045444
-0.0021655740802037
-0.0021132982336453
-0.00206123987434242
-0.00200940989814437
-0.00195781888548892
-0.00190647710740877
-0.00185539452403731
-0.00180458079080969
-0.0017540452572423
-0.00170379697331036
-0.00165384468848185
-0.00160419685825417
-0.0015548616434236
-0.00150584691676401
-0.00145716026251355
-0.00140880898317879
-0.00136080009922088
-0.00131314035596908
-0.00126583622348908
-0.00121889390359039
-0.00117231932986024
-0.00112611817474968
-0.00108029584975703
-0.00103485751257823
-0.000989808067424347
-0.000945152172222227
-0.00090089423905115
-0.000857038441380504
-0.000813588714611224
-0.00077054876333772
-0.000727922061980433
-0.000685711862059804
-0.000643921192906853
-0.000602552868937573
-0.000561609490429053
-0.000521093450783256
-0.0004810069373568
-0.000441351938703657
-0.00040213024544732
-0.000363343457492523
-0.000324992984929115
-0.000287080055203474
-0.00024960571404399
-0.00021257083258342
-0.000175976108296457
-0.000139822072064821
-0.000104109089117965
-0.0000688373660332433
-0.0000340069516713813
0.00000038225589542331
0.0000343305084610899
0.0000678382008362238
0.000100905869946059
0.000133534188065787
0.00016572396194562
0.000197476126136473
0.000228791742148398
0.000259671991871727
0.000290118176774624
0.000320131711424335
0.000349714122729119
0.000378867043563773
0.000407592212060757
0.000435891465343719
0.000463766738872153
0.000491220060286235
0.000518253548808921
0.000544869409204985
0.000571069931244038
0.000596857483776264
0.000622234514259443
0.000647203542953492
0.000671767162514182
0.000695928032308239
0.000719688878076062
0.000743052486368785
0.000766021704281964
0.000788599434015653
0.000810788632680685
0.000832592306982517
0.000854013513101391
0.000875055351500399
0.000895720966880516
0.000916013543113041
0.000935936303270207
0.000955492504681885
0.000974685439042193
0.000993518427590107
0.00101199482129223
0.00103011799614669
0.00104789135344204
0.00106531831518357
0.001082402324428
0.0010991468408313
0.00111555534105852
0.0011316313144519
0.00114737826351523
0.00116279969970073
0.00117789914396705
0.00119268012268339
0.00120714616826
0.00122130081516787
0.00123514760064048
0.00124869006080711
0.00126193173146459
0.00127487614432218
0.00128752682784173
0.0012998873035921
0.00131196108715613
0.00132375168459231
0.00133526259340679
0.0013464972991201
0.00135745927630231
0.00136815198524236
0.00137857887304452
0.00138874337039785
0.0013986488927319
0.00140829883708386
0.00141769658331145
0.00142684549105509
0.00143574890100587
0.00144441013196025
0.00145283248214084
0.00146101922634093
0.00146897361729604
0.00147669888291546
0.00148419822770238
0.00149147483006981
0.00149853184380691
0.00150537239547673
0.00151199958592639
0.00151841648776387
0.00152462614690993
0.00153063158015116
0.00153643577673134
0.00154204169597807
0.00154745226893133
0.00155267039604103
0.00155769894883043
0.00156254076766207
0.00156719866343372
0.00157167541541004
0.00157597377294898
0.00158009645339645
0.00158404614384097
0.00158782549906888
0.00159143714334504
0.00159488366842602
0.00159816763536473
0.00160129157257918
0.00160425797767889
0.00160706931558676
0.00160972802038532
0.00161223649348923
0.00161459710550939
0.00161681219447378
0.00161888406770739
0.00162081500009921
0.00162260723599607
0.0016242629875135
0.00162578443644163
0.00162717373259783
0.00162843299574282
0.00162956431397298
0.00163056974564497
0.00163145131780558
0.00163221102812325
0.00163285084335351
0.00163337270127571
0.00163377850919208
0.0016340701458682
0.00163424946006384
0.00163431827247554
0.00163427837429755
0.00163413152916502
0.0016338794717433
0.00163352390967042
0.00163306652217304
0.00163250896200682
0.00163185285409755
0.00163109979747814
0.00163025136395323
0.00162930910003174
0.00162827452561352
0.00162714913591615
0.00162593440018234
0.00162463176359991
0.00162324264602852
0.00162176844391179
0.00162021052902217
0.00161857025036415
0.00161684893293606
0.00161504787962348
0.00161316836997676
0.00161121166209384
0.00160917899141231
0.00160707157258084
0.00160489059826483
0.00160263724100561
0.00160031265203867
0.00159791796313999
0.00159545428545591
0.00159292271133591
0.00159032431317328
0.00158766014522369
0.00158493124245587
0.00158213862235546
0.00157928328378488
0.0015763662087719
0.00157338836137808
0.00157035068947158
0.00156725412360341
0.00156409957876413
0.00156088795326731
0.0015576201304897
0.0015542969777613
0.00155091934808871
0.00154748807905126
0.00154400399450722
0.00154046790349555
0.00153688060192465
0.00153324287147928
0.00152955548129168
0.00152581918685322
0.00152203473166768
0.00151820284616729
0.00151432424934799
0.0015103996476895
0.0015064297367725
0.00150241520020237
0.00149835671120819
0.00149425493156994
0.00149011051319921
0.00148592409706962
0.00148169631477917
0.00147742778748374
0.00147311912744107
0.00146877093694703
0.00146438380986138
0.00145995833054665
0.00145549507537559
0.00145099461167263
0.00144645749920311
0.00144188428911711
0.00143727552542059
0.00143263174392149
0.00142795347368291
0.00142324123597142
0.00141849554569229
0.00141371691034009
0.00140890583141607
0.00140406280338097
0.00139918831505474
0.00139428284857154
0.001389346880762
0.00138438088211035
0.00137938531811941
0.00137436064826989
0.00136930732736831
0.00136422580450849
0.00135911652440253
0.00135397992634468
0.00134881644552546
0.00134362651199796
0.00133841055197548
0.00133316898680014
0.00132790223422433
0.00132261070738176
0.00131729481605287
0.00131195496563844
0.00130659155840921
0.00130120499248217
0.00129579566305453
0.00129036396138284
0.00128491027600165
0.00127943499170543
0.00127393849075221
0.00126842115184845
0.00126288335133788
0.00125732546218948
0.00125174785517167
0.0012461508978436
0.00124053495571499
0.00123490039124074
0.00122924756496675
0.00122357683452794
0.00121788855578034
0.00121218308180265
0.0012064607640148
0.00120072195118322
0.00119496699052613
0.00118919622672264
0.00118341000300504
0.00117760866017184
0.00117179253766726
0.00116596197259844
0.0011601173008024
0.00115425885586737
0.00114838697018761
0.00114250197398905
0.00113660419637203
0.00113069396434148
0.00112477160383786
0.00111883743877194
0.00111289179204417
0.00110693498458423
0.00110096733635908
0.00109498916541728
0.0010890007888861
0.00108300252202068
0.00107699467919033
0.00107097757293278
0.00106495151492982
0.00105891681506677
0.0010528737823977
0.00104682272421016
0.00104076394698025
0.00103469775544271
0.00102862445353603
0.00102254434347801
0.00101645772670112
0.00101036490293364
0.00100426617112541
0.000998161828534662
0.000992052171644449
0.000985937495255153
0.000979818093391768
0.000973694258402251
0.000967566281855804
0.000961434453647135
0.000955299062885934
0.000949160397007118
0.000943018742651671
0.000936874384782948
0.00093072760755904
0.000924578693455216
0.000918427924127973
0.000912275579543669
0.000906121938834429
0.000899967279433018
0.000893811877920764
0.000887656009168727
0.000881499947177773
0.000875343964226103
0.000869188331701616
0.000863033319255845
0.00085687919562875
0.000850726227809094
0.000844574681851809
0.000838424822044848
0.000832276911719247
0.00082613121242249
0.000819987984721396
0.000813847487382022
0.000807709978165488
0.000801575713014457
0.000795444946842006
0.000789317932724702
0.000783194922684637
0.000777076166889114
0.000770961914425947
0.000764852412509787
0.000758747907250773
0.000752648642867515
0.000746554862449199
0.000740466807175228
0.000734384717070877
0.000728308830233598
0.000722239383582309
0.000716176612090378
0.00071012074952862
0.000704072027704957
0.000698030677201217
0.000691996926619454
0.000685971003312633
0.000679953132637609
0.000673943538679759
0.00066794244351262
0.000661950067916535
0.000655966630644948
0.000649992349137121
0.000644027438791069
0.000638072113670425
0.000632126585783996
0.000626191065786829
0.000620265762266373
0.00061435088243781
0.000608446631436801
0.000602553213009132
0.000596670828810022
0.000590799679088145
0.000584939961991474
0.000579091874245716
0.000573255610466683
0.000567431363833182
0.000561619325405877
0.000555819684794695
0.00055003262948414
0.000544258345495253
0.000538497016717362
0.000532748825564625
0.00052701395231419
0.000521292575757357
0.000515584872544118
0.000509891017828971
0.000504211184621807
0.000498545544428414
0.000492894266607674
0.000487257519006787
0.000481635467324745
0.00047602827574231
0.000470436106291722
0.000464859119481467
0.000459297473672176
0.000453751325696211
0.000448220830239725
0.000442706140457086
0.000437207407359058
0.000431724780422089
0.00042625840698258
0.000420808432841054
0.000415375001662476
0.000409958255575324
0.000404558334577923
0.000399175377132442
0.00039380951957719
0.000388460896715572
0.000383129641234302
0.000377815884287336
0.000372519754919966
0.000367241380647742
0.00036198088688641
0.000356738397525842
0.000351514034365776
0.00034630791768477
0.000341120165681705
0.000335950895039774
0.000330800220373714
0.000325668254788849
0.000320555109333994
0.00031546089355558
0.000310385714956194
0.000305329679543786
0.000300292891295809
0.000295275452703533
0.000290277464241733
0.000285299024908126
0.000280340231698565
0.00027540118014162
0.000270481963779235
0.000265582674696455
0.000260703403007521
0.000255844237380756
0.000251005264530044
0.000246186569734894
0.000241388236337277
0.000236610346256862
0.000231852979493178
0.000227116214636042
0.000222400128372994
0.000217704795994944
0.000213030290908827
0.000208376685138487
0.000203744048842526
0.000199132450810417
0.000194541957985515
0.000189972635956424
0.000185424548485123
0.000180897757993594
0.000176392325097031
0.000171908309085746
0.000167445767463421
0.000163004756424301
0.000158585330396454
0.00015418754251427
0.000149811444166685
0.000145457085465002
0.000141124514796044
0.000136813779285306
0.000132524924355012
0.000128257994182597
0.000124013031263642
0.000119790076865702
0.000115589170596075
0.000111410350850997
0.000107253654388207
0.000103119116771525
0.0000990067719481813
0.0000949166526887859
0.0000908487901693915
0.0000868032144068699
0.0000827799538456745
0.0000787790357886384
0.0000748004859884043
0.0000708443290736561
0.0000669105881451882
0.0000629992851975849
0.0000591104407198941
0.0000552440741127725
0.0000514002032937328
0.000047578845109766
0.0000437800149471374
0.0000400037271394969
0.0000362499945821945
0.0000325188291358944
0.0000288102412453808
0.000025124240338691
0.0000214608344503834
0.0000178200306162011
0.0000142018345007777
0.0000106062507878477
0.00000703328281235864
0.00000348293294624517
-0.0000000447977650788014
-0.00000354990922136796
-0.00000703240262669943
-0.0000104922801125271
-0.0000139295450925068
-0.000017344201889944
-0.0000207362560883158
-0.0000241057141630918
-0.0000274525838279834
-0.0000307768736711193
-0.0000340785934970469
-0.0000373577539672496
-0.0000406143669379208
-0.0000438484451048085
-0.0000470600023367861
-0.000050249053325008
-0.0000534156139123019
-0.0000565597007466173
-0.0000596813316062623
-0.0000627805250576316
-0.0000658573007763085
-0.0000689116792090554
-0.0000719436818908051
-0.0000749533311108976
-0.0000779406502259799
-0.0000809056633304758
-0.000083848395565414
-0.0000867688727931159
-0.0000896671219019725
-0.0000925431704853327
-0.0000953970471422508
-0.0000982287811605593
-0.000101038402813609
-0.000103825943047504
-0.000106591433773861
-0.000109334907561189
-0.000112056397923681
-0.000114755939016729
-0.000117433565921768
-0.000120089314345906
-0.000122723220902841
-0.000125335322816588
-0.000127925658198489
-0.00013049426575502
-0.000133041185060915
-0.000135566456271038
-0.000138070120389629
-0.000140552218986231
-0.000143012794461086
-0.000145451889765084
-0.00014786954866133
-0.000150265815449109
-0.000152640735221635
-0.000154994353594011
-0.000157326716957181
-0.000159637872209875
-0.000161927867008771
-0.000164196749504409
-0.000166444568587591
-0.000168671373629236
-0.000170877214723039
-0.000173062142429251
-0.00017522620801361
-0.000177369463195036
-0.000179491960380847
-0.000181593752418346
-0.000183674892826347
-0.000185735435550641
-0.000187775435191835
-0.000189794946764686
-0.000191794025922277
-0.000193772728719189
-0.00019573111183204
-0.000197669232326478
-0.000199587147874087
-0.000201484916523197
-0.000203362596912176
-0.000205220248044024
-0.000207057929496075
-0.000208875701198369
-0.00021067362363976
-0.00021245175765006
-0.000214210164602575
-0.000215948906199988
-0.000217668044673349
-0.000219367642571683
-0.000221047762957441
-0.000222708469199819
-0.000224349825166686
-0.000225971895021605
-0.000227574743412238
-0.000229158435271057
-0.000230723036000256
-0.000232268611276117
-0.000233795227230446
-0.000235302950258591
-0.000236791847197403
-0.000238261985136892
-0.000239713431594737
-0.000241146254331554
-0.000242560521521971
-0.000243956301573493
-0.000245333663294156
-0.00024669267571498
-0.000248033408254205
-0.00024935593054332
-0.000250660312587898
-0.00025194662459718
-0.000253214937141534
-0.000254465320985567
-0.000255697847242218
-0.000256912587209399
-0.000258109612520727
-0.000259288994985674
-0.000260450806736955
-0.000261595120074175
-0.000262722007607887
-0.000263831542106712
-0.000264923796638087
-0.000265998844418846
-0.000267056758952667
-0.000268097613884097
-0.000269121483132712
-0.000270128440750576
-0.000271118561053124
-0.000272091918480039
-0.000273048587722873
-0.000273988643589325
-0.000274912161127613
-0.000275819215494143
-0.000276709882074641
-0.000277584236355199
-0.000278442354040181
-0.000279284310926625
-0.000280110183018944
-0.000280920046406673
-0.000281713977375965
-0.000282492052290676
-0.000283254347700671
-0.000284000940226225
-0.000284731906663159
-0.000285447323870543
-0.000286147268872668
-0.000286831818750039
-0.000287501050738203
-0.000288155042122008
-0.000288793870331305
-0.000289417612838458
-0.000290026347250928
-0.000290620151212032
-0.000291199102490408
-0.000291763278884015
-0.000292312758306496
-0.000292847618694393
-0.000293367938090431
-0.000293873794553936
-0.000294365266241041
-0.0002948424313183
-0.000295305368039833
-0.000295754154664111
-0.000296188869528061
-0.000296609590967011
-0.000297016397385754
-0.000297409367181654
-0.000297788578812671
-0.000298154110723619
-0.00029850604141117
-0.000298844449353234
-0.000299169413070969
-0.000299481011061271
-0.000299779321855787
-0.000300064423956512
-0.000300336395891824
-0.000300595316155159
-0.000300841263258088
-0.000301074315672061
-0.000301294551878531
-0.000301502050313756
-0.000301696889415983
-0.000301879147573294
-0.000302048903167862
-0.000302206234526832
-0.000302351219963654
-0.000302483937731984
-0.00030260446606412
-0.000302712883127901
-0.000302809267062249
-0.000302893695937069
-0.000302966247785904
-0.000303027000568817
-0.000303076032202173
-0.000303113420524496
-0.000303139243323388
-0.000303153578304342
-0.000303156503114812
-0.000303148095315976
-0.000303128432403965
-0.000303097591784558
-0.000303055650791586
-0.00030300268666455
-0.000302938776564206
-0.000302863997553095
-0.000302778426608321
-0.000302682140604982
-0.00030257521632615
-0.000302457730449193
-0.000302329759552968
-0.000302191380107014
-0.000302042668475985
-0.000301883700911693
-0.000301714553554782
-0.00030153530242963
-0.000301346023443262
-0.000301146792383098
-0.000300937684913124
-0.000300718776574465
-0.000300490142778834
-0.000300251858811911
-0.000300003999824084
-0.000299746640836626
-0.000299479856729729
-0.00029920372225148
-0.000298918312003185
-0.000298623700451142
-0.000298319961909269
-0.000298007170553649
-0.000297685400402483
-0.000297354725333395
-0.000297015219060717
-0.000296666955155543
-0.000296310007020363
-0.000295944447911844
-0.000295570350912828
-0.000295187788957836
-0.000294796834802432
-0.000294397561051438
-0.000293990040125679
-0.000293574344292897
-0.000293150545631889
-0.000292718716066103
-0.00029227892732518
-0.000291831250981234
-0.00029137575840779
-0.000290912520818744
-0.000290441609224715
-0.000289963094474663
-0.00028947704720967
-0.000288983537907206
-0.000288482636832346
-0.000287974414084677
-0.000287458939546959
-0.000286936282934659
-0.000286406513742073
-0.000285869701294473
-0.000285325914691695
-0.000284775222862898
-0.00028421769450762
-0.000283653398153139
-0.000283082402093016
-0.000282504774447037
-0.000281920583097252
-0.000281329895750495
-0.00028073277987193
-0.000280129302750129
-0.000279519531428138
-0.00027890353277111
-0.000278281373394892
-0.000277653119736205
-0.000277018837978767
-0.000276378594125999
-0.0002757324539247
-0.000275080482940273
-0.000274422746477954
-0.000273759309660551
-0.000273090237347236
-0.000272415594213788
-0.000271735444668956
-0.000271049852937191
-0.000270358882972602
-0.000269662598544161
-0.000268961063147251
-0.000268254340091349
-0.000267542492409168
-0.000266825582946809
-0.000266103674270508
-0.000265376828759242
-0.000264645108509098
-0.000263908575428315
-0.00026316729113929
-0.000262421317076045
-0.000261670714383877
-0.00026091554401924
-0.000260155866647051
-0.00025939174274298
-0.000258623232488408
-0.000257850395875129
-0.000257073292597968
-0.000256291982161874
-0.000255506523772218
-0.000254716976444265
-0.000253923398891156
-0.000253125849635755
-0.000252324386896326
-0.000251519068700734
-0.000250709952769833
-0.000249897096634022
-0.000249080557514336
-0.000248260392441346
-0.000247436658133982
-0.000246609411120755
-0.000245778707616311
-0.000244944603644982
-0.000244107154915074
-0.000243266416944735
-0.000242422444933991
-0.000241575293892912
-0.000240725018511415
-0.000239871673289718
-0.000239015312405906
-0.00023815598984868
-0.000237293759282687
-0.000236428674183551
-0.000235560787700986
-0.000234690152796088
-0.000233816822102246
-0.00023294084806469
-0.000232062282799196
-0.000231181178233891
-0.000230297585965761
-0.000229411557404696
-0.000228523143627817
-0.000227632395525747
-0.000226739363654766
-0.000225844098385303
-0.000224946649751924
-0.000224047067604038
-0.000223145401453719
-0.000222241700628626
-0.00022133601411767
-0.000220428390726124
-0.000219518878919157
-0.000218607526979121
-0.000217694382846957
-0.000216779494281656
-0.00021586290869954
-0.00021494467333589
-0.000214024835082112
-0.000213103440649522
-0.000212180536404402
-0.000211256168533936
-0.000210330382879167
-0.000209403225103071
-0.000208474740521422
-0.000207544974273
-0.00020661397114837
-0.000205681775762213
-0.00020474843238003
-0.000203813985092588
-0.000202878477640552
-0.000201941953591041
-0.000201004456160198
-0.000200066028391844
-0.000199126712977996
-0.000198186552439606
-0.000197245588945041
-0.000196303864492898
-0.000195361420728445
-0.000194418299128515
-0.000193474540815911
-0.000192530186746368
-0.000191585277520936
-0.000190639853574994
-0.000189693954988623
-0.000188747621677667
-0.000187800893202098
-0.000186853808959115
-0.000185906407989514
-0.000184958729172815
-0.00018401081103164
-0.000183062691928867
-0.000182114409870021
-0.000181166002702441
-0.000180217507915698
-0.000179268962842768
-0.000178320404458482
-0.000177371869582694
-0.00017642339467677
-0.000175475016048752
-0.00017452676964789
-0.000173578691271783
-0.00017263081635897
-0.00017168318019805
-0.000170735817718325
-0.000169788763700886
-0.000168842052567334
-0.000167895718592818
-0.000166949795692827
-0.00016600431763819
-0.000165059317839942
-0.000164114829566269
-0.000163170885725466
-0.000162227519084813
-0.000161284762051637
-0.000160342646894105
-0.000159401205520401
-0.000158460469701433
-0.000157520470848121
-0.000156581240236019
-0.000155642808780719
-0.000154705207264377
-0.000153768466109247
-0.000152832615606098
-0.000151897685685882
-0.000150963706150043
-0.000150030706440323
-0.000149098715870953
-0.000148167763396602
-0.000147237877846448
-0.000146309087690276
-0.000145381421274417
-0.00014445490658601
-0.000143529571490793
-0.000142605443495535
-0.000141682549987685
-0.000140760917995972
-0.000139840574431896
-0.000138921545848513
-0.000138003858683768
-0.000137087539017457
-0.000136172612816395
-0.00013525910568958
-0.000134347043135166
-0.000133436450293846
-0.000132527352197631
-0.00013161977352144
-0.000130713738833695
-0.000129809272346118
-0.000128906398166129
-0.000128005140044866
-0.000127105521631373
-0.000126207566218856
-0.000125311297000649
-0.000124416736814706
-0.000123523908401354
-0.000122632834146016
-0.000121743536338742
-0.000120856036915179
-0.000119970357717871
-0.000119086520235474
-0.000118204545865823
-0.000117324455653406
-0.00011644627055418
-0.000115570011171315
-0.00011469569802175
-0.000113823351270218
-0.000112952990997536
-0.000112084636932905
-0.000111218308723941
-0.000110354025667255
-0.000109491806980206
-0.000108631671529781
-0.000107773638106063
-0.000106917725149402
-0.000106063951025605
-0.000105212333751407
-0.000104362891271366
-0.000103515641181642
-0.000102670601008596
-0.000101827787930882
-0.000100987219059736
-0.000100148911159395
-0.0000993128809290708
-0.0000984791447216939
-0.00009764771882757
-0.0000968186191914581
-0.0000959918616978982
-0.0000951674618866304
-0.0000943454352395905
-0.0000935257968946737
-0.0000927085619343909
-0.0000918937450979856
-0.0000910813610717423
-0.000090271424199463
-0.0000894639487744235
-0.0000886589487482117
-0.000087856438024328
-0.0000870564301653913
-0.0000862589386883764
-0.0000854639767701937
-0.0000846715575445576
-0.0000838816938059459
-0.0000830943983080925
-0.0000823096834663317
-0.000081527561657712
-0.0000807480449217276
-0.0000799711452620489
-0.000079196874345646
-0.0000784252438061306
-0.000077656264941278
-0.0000768899490179724
-0.0000761263069681345
-0.0000753653496952633
-0.0000746070877687756
-0.0000738515317321385
-0.000073098691795625
-0.0000723485781460337
-0.0000716012006378638
-0.0000708565691046166
-0.0000701146930483964
-0.0000693755819527871
-0.000068639244970885
-0.0000679056912397443
-0.0000671749295668472
-0.0000664469687461131
-0.0000657218172428104
-0.0000649994835111251
-0.0000642799756775189
-0.0000635633018598502
-0.0000628494698491861
-0.0000621384874304709
-0.0000614303620627931
-0.0000607251012015986
-0.0000600227119774186
-0.0000593232015196214
-0.0000586265766336056
-0.0000579328441260849
-0.0000572420104807526
-0.0000565540821850947
-0.000055869065404529
-0.0000551869663107415
-0.0000545077907543068
-0.0000538315445945403
-0.0000531582333706062
-0.0000524878626328805
-0.0000518204376125498
-0.0000511559635544824
-0.0000504944453853208
-0.0000498358880478561
-0.0000491802961676203
-0.0000485276743887576
-0.0000478780270391208
-0.0000472313584676367
-0.0000465876727079095
-0.0000459469738170754
-0.0000453092655379188
-0.0000446745516392103
-0.00004404283557634
-0.000043414120833135
-0.0000427884105810142
-0.0000421657080222797
-0.000041546016047798
-0.0000409293375817621
-0.0000403156752379003
-0.0000397050316657073
-0.0000390974092051844
-0.000038492810234533
-0.0000378912368234333
-0.0000372926910821941
-0.000036697174813574
-0.0000361046898633847
-0.0000355152377708567
-0.0000349288201206933
-0.0000343454381919851
-0.0000337650933117087
-0.0000331877865021951
-0.0000326135188360696
-0.0000320422910822773
-0.0000314741040624594
-0.0000309089582955407
-0.0000303468543555382
-0.0000297877925147136
-0.0000292317731028111
-0.0000286787961487784
-0.0000281288617414296
-0.0000275819696697378
-0.0000270381197849205
-0.0000264973116393073
-0.0000259595448498425
-0.0000254248187355331
-0.0000248931326823641
-0.0000243644857793308
-0.0000238388771847624
-0.0000233163057609424
-0.0000227967704418375
-0.0000222802698663082
-0.000021766802747241
-0.000021256367503351
-0.0000207489626297152
-0.00002024458632817
-0.0000197432368792409
-0.0000192449122711403
-0.0000187496105730888
-0.0000182573295629167
-0.0000177680671017745
-0.0000172818207603394
-0.0000167985881949126
-0.0000163183667722356
-0.0000158411539469685
-0.0000153669468851195
-0.0000148957428429032
-0.0000144275387887838
-0.0000139623317837116
-0.0000135001186017826
-0.0000130408961118492
-0.0000125846608968016
-0.0000121314096365471
-0.000011681138725916
-0.0000112338446590094
-0.00001078952364573
-0.0000103481719974956
-0.00000990978574239858
-0.00000947436101228105
-0.00000904189365652736
-0.00000861237963049696
-0.00000818581460795127
-0.00000776219437084429
-0.00000734151442038508
-0.00000692377036818304
-0.00000650895754594912
-0.00000609707139799223
-0.00000568810708956348
-0.00000528205990069991
-0.00000487892483321307
-0.00000447869700587976
-0.00000408137126007667
-0.00000368694255631503
-0.00000329540557852347
-0.0000029067551319253
-0.0000025209857459707
-0.00000213809207355536
-0.00000175806849260313
-0.00000138090950662478
-0.00000100660934495242
-0.00000063516236463601
-0.000000266562649333153
0.0000000991955874607193
0.000000462118404863942
0.000000822211730046823
0.0000011794817620239
0.00000153393456576177
0.00000188557647730875
0.00000223441369657629
0.00000258045269380402
0.00000292369980101534
0.00000326416161981749
0.00000360184461153184
0.0000039367555063282
0.00000426890089203194
0.00000459828762458919
0.00000492492241555407
0.00000524881224388292
0.00000556996394210268
0.00000588838460943327
0.0000062040811966377
0.00000651706092047281
0.00000682733084722114
0.00000713489830846938
0.00000743977048332263
0.00000774195481551024
0.00000804145859428328
0.0000083382893728466
0.000008632454547941
0.00000892396177959949
0.00000921281856941677
0.00000949903268162775
0.00000978261172006439
0.000010063563550558
0.0000103418958765828
0.0000106176166629806
0.000010890733710293
0.0000111612550798082
0.0000114291886665811
0.0000116945426258022
0.0000119573249445069
0.0000122175438692645
0.000012475207476579
0.000012730324101897
0.000012982901908699
0.0000132329493188288
0.0000134804745802735
0.0000137254861988134
0.0000139679925044942
0.0000142080020845947
0.0000144455233487905
0.0000146805649634422
0.0000149131354154494
0.0000151432434478589
0.0000153708976224092
0.000015596106756459
0.0000158188794842229
0.0000160392246950186
0.0000162571510931948
0.0000164726676376974
0.0000166857831006891
0.0000168965065084346
0.0000171048466986117
0.0000173108127625169
0.0000175144136010659
0.0000177156583683209
0.0000179145560261808
0.0000181111157892293
0.0000183053466781151
0.0000184972579657213
0.0000186868587292346
0.0000188741582976376
0.000019059165802465
0.0000192418906266204
0.0000194223419538188
0.0000196005292187282
0.0000197764616550982
0.0000199501487472268
0.0000201215997767735
0.0000202908242755542
0.0000204578315710364
0.000020622631240463
0.0000207852326550293
0.0000209456454353368
0.0000211038789942504
0.0000212599429936837
0.0000214138468861348
0.0000215656003728049
0.0000217152129438109
0.0000218626943376392
0.0000220080540800333
0.0000221513019447841
0.0000222924474912911
0.0000224315005266917
0.0000225684706420927
0.000022703367676041
0.0000228362012494249
0.0000229669812302862
0.0000230957172673894
0.000023222419256379
0.0000233470968720136
0.0000234697600356691
0.000023590418446237
0.0000237090820489766
0.0000238257605650732
0.0000239404639618425
0.0000240532019809461
0.0000241639846099518
0.0000242728216092018
0.0000243797229847328
0.000024484698513794
0.0000245877582191293
0.0000246889118931438
0.0000247881695735487
0.0000248855410661742
0.0000249810364219815
0.0000250746654585174
0.0000251664382382963
0.0000252563645888951
0.0000253444545827069
0.0000254307180556726
0.0000255151650884114
0.0000255978055235842
0.000025678649448405
0.0000257577067106321
0.0000258349874024637
0.0000259105013751549
0.0000259842587242997
0.0000260562693030693
0.000026126543208887
0.0000261950902952813
0.0000262619206599585
0.0000263270441552674
0.0000263904708776726
0.0000264522106768266
0.0000265122736464486
0.000026570669632
0.000026627408722972
0.0000266825007591603
0.000026735955824367
0.0000267877837512686
0.0000268379946165375
0.0000268865982442986
0.0000269336047026747
0.0000269790238058275
0.0000270228656119316
0.0000270651399237937
0.0000271058567882627
0.0000271450259954194
0.0000271826575794293
0.000027218761316298
0.00002725334722617
0.0000272864250696456
0.0000273180048515329
0.0000273480963157172
0.0000273767094503735
0.0000274038539813836
0.000027429539879013
0.0000274537768498716
0.0000274765748450597
0.0000274979435506659
0.0000275178928973898
0.0000275364325495699
0.0000275535724162898
0.0000275693221389285
0.0000275836916037575
0.0000275966904280073
0.0000276083284739615
0.0000276186153335323
0.0000276275608438591
0.0000276351745703854
0.0000276414663239701
0.0000276464456424573
0.000027650122309308
0.0000276525058336556
0.0000276536059704654
0.0000276534321990678
0.0000276519942448543
0.0000276493015562791
0.0000276453638281001
0.0000276401904768416
0.0000276337911655876
0.0000276261752778975
0.0000276173524441599
0.0000276073320139528
0.0000275961235839668
0.000027583736468801
0.0000275701802304643
0.0000275554641475976
0.0000275395977465624
0.0000275225902690815
0.0000275044512049219
0.0000274851897579454
0.0000274648153803968
0.0000274433372373526
0.000027420764742625
0.000027397107021599
0.0000273723734487622
0.0000273465731089201
0.0000273197153363616
0.0000272918091744421
0.0000272628639163962
0.000027232888563276
0.0000272018923664234
0.0000271698842837525
0.0000271368735238913
0.0000271028690007986
0.0000270678798795852
0.0000270319150294542
0.0000269949835712132
0.0000269570943285266
0.0000269182563771303
0.0000268784784943838
0.0000268377697101996
0.0000267961387548836
0.0000267535946117906
0.0000267101459634399
0.0000266658017459111
0.0000266205705932217
0.0000265744613934751
0.0000265274827314877
0.0000264796434467026
0.0000264309520740525
0.0000263814174036521
0.0000263310479198842
0.0000262798523628841
0.0000262278391658338
0.0000261750170182542
0.0000261213943014924
0.0000260669796538357
0.000026011781404178
0.00002595580813897
0.0000258990681340496
0.0000258415699234433
0.0000257833217293465
0.0000257243320327899
0.0000256646090017542
0.0000256041610637189
0.0000255429963318939
0.0000254811231796664
0.0000254185496649344
0.0000253552841064679
0.0000252913345063271
0.0000252267091281546
0.0000251614159176615
0.0000250954630828679
0.0000250288585126397
0.0000249616103588945
0.0000248937264531712
0.0000248252148908194
0.0000247560834455842
0.000024686340155796
0.0000246159927369535
0.0000245450491699318
0.0000244735171115446
0.00002440140448479
0.0000243287188873719
0.0000242554681840039
0.0000241816599128698
0.0000241073018800051
0.0000240324015636767
0.0000239569667108626
0.0000238810047395297
0.0000238045233372328
0.0000237275298612695
0.0000236500319394194
0.0000235720368679546
0.0000234935522145411
0.0000234145852140829
0.0000233351433738074
0.0000232552338669207
0.0000231748641398999
0.0000230940413039368
0.0000230127727444596
0.000022931065510342
0.0000228489269256779
0.0000227663639767319
0.000022683383925991
0.0000225999936968321
0.0000225162004898756
0.0000224320111653449
0.0000223474328617468
0.0000222624723758974
0.000022177136783955
0.000022091432819087
0.0000220053674948815
0.0000219189474806271
0.0000218321797271323
0.0000217450708395894
0.000021657627705829
0.0000215698568667418
0.0000214817651469945
0.0000213933590229822
0.000021304645256034
0.0000212156302578665
0.0000211263207263091
0.0000210367230082289
0.0000209468437378051
0.0000208566891968952
0.0000207662659558894
0.0000206755802314862
0.0000205846385301597
0.000020493447003312
0.000020402012093384
0.0000203103398863543
0.000020218436760526
0.0000201263087363375
0.0000200339621278603
0.0000199414028898865
0.000019848637272173
0.0000197556711637701
0.0000196625107500476
0.0000195691618542295
0.0000194756305972364
0.0000193819227363911
0.000019288044328114
0.0000191940010637616
0.0000190997989352138
0.0000190054435678058
0.0000189109408888466
0.0000188162964576046
0.0000187215161367982
0.0000186266054195937
0.0000185315701041082
0.0000184364156173806
0.0000183411476929261
0.0000182457716916402
0.0000181502932824457
0.0000180547177600872
0.0000179590507289151
0.0000178632974175252
0.0000177674633657241
0.0000176715537359696
0.0000175755740035638
0.0000174795292648463
0.0000173834249306628
0.0000172872660312628
0.0000171910579130935
0.0000170948055403518
0.0000169985141951523
0.0000169021887756857
0.0000168058344998095
0.0000167094561997624
0.0000166130590292296
0.0000165166477545601
0.0000164202274653606
0.0000163238028621609
0.0000162273789705915
0.0000161309604254417
0.0000160345521884767
0.0000159381588288317
0.0000158417852445267
0.0000157454359391371
0.0000156491157470647
0.0000155528291064279
0.0000154565807881469
0.0000153603751649919
0.0000152642169445462
0.0000151681104343491
0.0000150720602787997
0.0000149760707203299
0.0000148801463403158
0.0000147842913162135
0.0000146885101665444
0.0000145928070039268
0.0000144971862842046
0.0000144016520553034
0.0000143062087105732
0.0000142108602333994
0.00001411561095483
0.0000140204647938686
0.000013925426019461
0.000013830498486393
0.000013735686401716
0.0000136409935561695
0.0000135464240951242
0.0000134519817454511
0.0000133576705910617
0.0000132634942951417
0.0000131694568803729
0.0000130755619464448
0.0000129818134550451
0.0000128882149425626
0.0000127947703099338
0.0000127014830304474
0.0000126083569445384
0.0000125153954626022
0.0000124226023648286
0.000012329980998931
0.0000122375350851173
0.0000121452679086362
0.0000120531831299838
0.0000119612839721649
0.0000118695740362409
0.0000117780564831996
0.00001168673485495
0.0000115956122506948
0.0000115046921534796
0.0000114139776009579
0.0000113234720176078
0.0000112331783797737
0.0000111431000536675
0.0000110532399545698
0.0000109636013907335
0.0000108741872166244
0.0000107850006828497
0.0000106960445833136
0.0000106073221112969
0.0000105188360003983
0.0000104305893868979
0.0000103425849443485
0.0000102548257523607
0.0000101673144247051
0.0000100800539846589
0.00000999304698647733
0.00000990629639744644
0.00000981980471257518
0.00000973357484350643
0.00000964760922627528
0.00000956191071723438
0.00000947648169372003
0.0000093913249571525
0.00000930644282644702
0.00000922183804845512
0.00000913751288395032
0.00000905347002558401
0.00000896971167626969
0.00000888624047483214
0.00000880305856660844
0.00000872016853697526
0.00000863757247397823
0.00000855527290992947
0.00000847327187586922
0.0000083915718514336
0.00000831017481094487
0.00000822908318175631
0.00000814829888176019
0.00000806782428642486
0.00000798766125750144
0.00000790781211897615
0.00000782827867674769
0.00000774906320372745
0.00000767016745025082
0.00000759159363856634
0.0000075133434637347
0.0000074354190977582
0.00000735782218071104
0.00000728055483477039
0.00000720361864531122
0.00000712701568511125
0.00000705074748513245
0.00000697481606918335
0.00000689922291409757
0.00000682396999514928
0.00000674905873532649
0.00000667449106180854
0.00000660026834401848
0.00000652639246148488
0.00000645286473034397
0.00000637968698292222
0.00000630686048234431
0.00000623438701418809
0.00000616226778883862
0.00000609050454558342
0.00000601909844233618
0.00000594805117255723
0.00000587736384195302
0.00000580703809862501
0.00000573707499633194
0.00000566747613828978
0.00000559824252656408
0.00000552937571996412
0.00000546087666911133
0.00000539274688889266
0.00000532498727872827
0.00000525759931007301
0.00000519058383138216
0.00000512394227117469
0.00000505767542717025
0.00000499178468545461
0.00000492627079323317
0.00000486113509466797
0.00000479637828666305
0.00000473200167197348
0.0000046680058974058
0.00000460439222483241
0.00000454116125115622
0.00000447831419789949
0.00000441585161224483
0.00000435377467590573
0.00000429208388651622
0.00000423078038653179
0.00000416986462419727
0.00000410933770327111
0.00000404920002275488
0.00000398945264828214
0.00000393009592974253
0.00000387113089522911
0.00000381255784563497
0.00000375437777211028
0.00000369659092665022
0.00000363919826407401
0.00000358219998755901
0.00000352559701622128
0.00000346938950448048
0.00000341357833639495
0.0000033581636176648
0.0000033031461979553
0.00000324852613426164
0.00000319430424254192
0.00000314048053107504
0.00000308705578282142
0.00000303402995730434
0.0000029814038052221
0.00000292917723727182
0.00000287735097265451
0.00000282592487313672
0.0000027748996272195
0.00000272427504759686
0.00000267405179290348
0.00000262422962657763
0.00000257480917826199
0.00000252579016190984
0.00000247717317909222
0.00000242895789399713
0.00000238114488109558
0.00000233373375447332
0.00000228672506253147
0.00000224011836885261
0.00000219391419686373
0.00000214811205917208
0.0000021027124554011
0.00000205771484662969
0.00000201311970993359
0.00000196892645421901
0.00000192513553536678
0.00000188174630936256
0.00000183875921235607
0.00000179617354654643
0.00000175398972994336
0.00000171220700995853
0.00000167082578819882
0.00000162984525613301
0.00000158926580087046
0.00000154908655660403
0.00000150930789804469
0.00000146992890057214
0.00000143094992882127
0.00000139236999758645
0.00000135418946400583
0.00000131640728024672
0.00000127902379882435
0.00000124203790692898
0.00000120544995566321
0.0000011692587645394
0.00000113346468683895
0.00000109806647130081
0.00000106306447740291
0.00000102845737957674
0.000000994245547984884
0.000000960427578738002
0.000000927003857681537
0.000000893972898077547
0.000000861335106994736
0.000000829088909778333
0.000000797234740826142
0.000000765770931940308
0.000000734697951534225
0.000000704014031672324
0.000000673719682060469
0.000000643813028254565
0.000000614294629132484
0.000000585162496375978
0.000000556417246555436
0.000000528056769448304
0.000000500081748603014
0.00000047248994300307
0.000000445282113508316
0.000000418455878200902
0.000000392012087021095
0.000000365948205524892
0.0000003402651859509
0.000000314960328776708
0.000000290034701575714
0.000000265485429522105
0.000000241313702805045
0.000000217516472005398
0.000000194095039446538
0.000000171046207276668
0.000000148371348892004
0.00000012606716959004
0.000000104135077536455
0.0000000825716545957526
0.000000061378504083487
0.000000040551771908519
0.0000000200934989764393
0.00000000000000000000158868793339891
